代號,總成本,總損益(淨),獲利次數,損失次數,總交易次數,勝率%,平均報酬,平均持倉時間(日)
1101,1571,1329,4,3,7,57.14,0.00735714285714286,57.285714285714285
1102,1758,21142,7,1,8,87.5,0.0782,70.0
1103,700,5710,6,2,8,75.0,0.046,78.25
1104,325,-3625,1,2,3,33.33,-0.05246666666666668,150.33333333333334
1108,267,-1587,1,3,4,25.0,-0.04065,208.5
1109,456,3964,4,1,5,80.0,0.047319999999999994,58.2
1110,265,1085,2,1,3,66.67,0.027666666666666662,82.33333333333333
1201,1001,-8501,3,4,7,42.86,-0.029242857142857147,88.71428571428571
1203,481,6619,3,0,3,100.0,0.09013333333333334,233.0
1210,434,266,2,1,3,66.67,0.022266666666666667,60.333333333333336
1213,582,-2132,2,3,5,40.0,-0.013420000000000001,34.4
1215,1667,-8817,4,3,7,57.14,-0.015757142857142855,76.14285714285714
1216,2632,30268,6,1,7,85.71,0.07457142857142855,140.57142857142858
1217,378,372,4,2,6,66.67,0.01611666666666667,82.5
1218,706,12544,6,0,6,100.0,0.10578333333333334,149.83333333333334
1219,219,4081,2,0,2,100.0,0.11525,86.5
1220,457,1733,4,2,6,66.67,0.024666666666666667,185.83333333333334
1225,639,8861,4,0,4,100.0,0.1032,113.0
1227,2512,-21362,2,4,6,33.33,-0.04723333333333333,267.1666666666667
1229,478,3122,2,1,3,66.67,0.0222,238.66666666666666
1231,906,-56,2,2,4,50.0,0.006425000000000004,89.5
1232,1807,-607,2,2,4,50.0,-0.006099999999999998,156.5
1233,1145,-5845,2,3,5,40.0,-0.029920000000000002,401.4
1234,531,-10431,0,3,3,0.0,-0.10656666666666666,242.33333333333334
1235,362,-1462,1,1,2,50.0,-0.048600000000000004,7.0
1236,363,-3363,1,3,4,25.0,-0.042975,257.75
1256,10890,-4890,6,3,9,66.67,0.03846666666666666,34.666666666666664
1301,1258,6442,2,1,3,66.67,0.033499999999999995,23.333333333333332
1303,2391,17659,5,1,6,83.33,0.0516,97.83333333333333
1304,473,-1123,3,2,5,60.0,-0.003720000000000001,73.4
1305,549,-1599,2,2,4,50.0,-0.025975,42.75
1307,488,2912,2,1,3,66.67,0.02463333333333333,107.33333333333333
1308,849,-8899,2,5,7,28.57,-0.05675714285714285,67.0
1309,578,4932,5,1,6,83.33,0.060700000000000004,63.0
1310,454,5616,5,0,5,100.0,0.08558,33.0
1312,750,-7200,3,5,8,37.5,-0.0447125,29.75
1313,737,-1077,5,4,9,55.56,0.0031999999999999976,79.88888888888889
1314,1064,-5374,7,7,14,50.0,-0.01719285714285714,59.57142857142857
1315,172,2228,1,0,1,100.0,0.0807,64.0
1316,154,-4,1,1,2,50.0,0.03585000000000001,137.5
1319,1910,1940,5,3,8,62.5,0.01405,51.75
1321,1506,20994,7,1,8,87.5,0.0865875,113.125
1323,1392,8758,6,2,8,75.0,0.04375,52.125
1324,359,-229,3,2,5,60.0,0.00438,78.2
1325,2522,-3172,5,3,8,62.5,0.018612499999999997,97.5
1326,1871,14729,3,1,4,75.0,0.045425,120.5
1337,1195,-3065,2,9,11,18.18,-0.08628181818181818,65.45454545454545
1338,2633,-48033,1,4,5,20.0,-0.09174,60.2
1339,1129,-22129,0,4,4,0.0,-0.1037,58.75
1340,4492,-43242,6,9,15,40.0,-0.02521333333333333,53.6
1341,0,0,0,0,0,0.0,,
1342,318,4682,1,0,1,100.0,0.0923,35.0
1402,594,-9794,1,3,4,25.0,-0.085575,132.0
1409,220,630,2,1,3,66.67,0.034466666666666666,27.333333333333332
1410,415,1035,2,1,3,66.67,0.013933333333333334,200.0
1413,500,-450,4,4,8,50.0,-0.012950000000000001,66.75
1414,386,1004,3,3,6,50.0,0.0182,59.333333333333336
1416,720,-7320,3,5,8,37.5,-0.0328,61.75
1417,375,-1965,3,3,6,50.0,-0.007116666666666667,162.5
1418,182,2858,3,0,3,100.0,0.164,67.33333333333333
1419,463,4987,1,1,2,50.0,0.0663,89.5
1423,197,1053,2,1,3,66.67,0.04193333333333334,105.33333333333333
1432,387,-3427,1,4,5,20.0,-0.04814,32.6
1434,530,2020,2,1,3,66.67,0.024766666666666663,113.0
1435,230,200,2,2,4,50.0,-0.0022999999999999965,32.0
1436,471,-6521,1,1,2,50.0,-0.0594,318.0
1437,751,1349,4,3,7,57.14,0.009128571428571422,60.42857142857143
1438,262,-3352,0,4,4,0.0,-0.09154999999999999,25.5
1439,1102,4098,5,3,8,62.5,0.021724999999999998,56.0
1440,492,-2542,3,3,6,50.0,-0.026,104.16666666666667
1441,402,2638,4,2,6,66.67,0.07493333333333334,91.83333333333333
1442,678,-9328,1,5,6,16.67,-0.07048333333333333,56.0
1443,123,1717,2,0,2,100.0,0.12514999999999998,55.5
1444,555,1215,4,4,8,50.0,0.0151875,90.375
1445,329,461,3,2,5,60.0,0.00896,135.6
1446,536,4664,3,1,4,75.0,0.078075,54.5
1447,771,-4001,5,7,12,41.67,-0.030449999999999994,58.666666666666664
1449,247,-1387,2,2,4,50.0,-0.016975,25.25
1451,923,-4673,3,4,7,42.86,-0.02145714285714286,47.142857142857146
1452,312,-5442,1,2,3,33.33,-0.0635,53.333333333333336
1453,132,-552,1,1,2,50.0,-0.02455000000000001,108.5
1454,193,177,2,1,3,66.67,0.014433333333333334,186.66666666666666
1455,534,-264,4,4,8,50.0,-0.0008125000000000025,72.375
1456,95,-95,0,1,1,0.0,-0.0058,2.0
1457,419,4831,5,0,5,100.0,0.07734,71.8
1459,72,1098,1,0,1,100.0,0.1158,15.0
1460,784,-434,6,5,11,54.55,-0.01245454545454545,59.63636363636363
1463,433,-3683,2,2,4,50.0,-0.03685000000000001,74.0
1464,965,-215,4,3,7,57.14,0.02148571428571428,79.71428571428571
1465,343,2107,3,1,4,75.0,0.0421,114.0
1466,600,-4600,2,5,7,28.57,-0.03781428571428571,47.57142857142857
1467,679,1221,5,4,9,55.56,0.011599999999999997,43.888888888888886
1468,226,2694,3,0,3,100.0,0.08386666666666666,44.0
1470,0,0,0,0,0,0.0,,
1471,638,-4468,3,8,11,27.27,-0.05791818181818182,20.272727272727273
1472,1109,-4879,4,5,9,44.44,-0.0058888888888888845,16.88888888888889
1473,977,-4077,3,4,7,42.86,-0.02955714285714286,135.85714285714286
1474,197,93,2,1,3,66.67,0.015833333333333335,55.0
1475,158,1542,2,0,2,100.0,0.0751,9.0
1476,5133,-31133,1,1,2,50.0,-0.07010000000000001,14.5
1477,6416,60084,5,1,6,83.33,0.07135000000000001,22.666666666666668
1503,450,6500,2,0,2,100.0,0.09085,286.0
1504,801,1599,3,2,5,60.0,0.002579999999999999,72.2
1506,1206,-10456,5,7,12,41.67,-0.03953333333333334,28.916666666666668
1512,426,3154,5,2,7,71.43,0.07375714285714285,24.571428571428573
1513,898,16602,5,0,5,100.0,0.10691999999999999,141.8
1514,210,800,2,1,3,66.67,0.01526666666666666,42.333333333333336
1515,2838,-43888,2,8,10,20.0,-0.07390000000000001,32.4
1516,193,-3743,0,2,2,0.0,-0.10500000000000001,44.0
1517,363,-3633,1,4,5,20.0,-0.06222,159.6
1519,567,6783,3,0,3,100.0,0.0717,77.0
1521,2458,292,4,4,8,50.0,0.004862500000000002,52.5
1522,1049,-4749,4,4,8,50.0,-0.019775,84.25
1524,386,2684,5,1,6,83.33,0.04805,51.333333333333336
1525,3387,8713,4,4,8,50.0,-0.003837499999999999,56.0
1526,548,-4698,1,3,4,25.0,-0.056624999999999995,16.5
1527,2836,7164,5,3,8,62.5,0.016199999999999996,50.625
1528,277,-2717,1,3,4,25.0,-0.05492499999999999,18.75
1529,46,274,1,0,1,100.0,0.1522,2.0
1530,553,2997,2,1,3,66.67,0.0368,69.66666666666667
1531,782,1968,4,3,7,57.14,0.020342857142857145,102.14285714285714
1532,1852,7848,7,3,10,70.0,0.03266,62.5
1533,1441,-16191,2,4,6,33.33,-0.03655,38.166666666666664
1535,1126,12624,3,1,4,75.0,0.0757,76.25
1536,1648,-8248,1,2,3,33.33,-0.018966666666666663,22.666666666666668
1537,939,13661,2,0,2,100.0,0.09145,52.5
1538,313,-353,2,3,5,40.0,-0.009139999999999992,32.6
1539,912,-2912,3,4,7,42.86,-0.020328571428571425,51.714285714285715
1540,601,649,3,3,6,50.0,0.014400000000000003,126.66666666666667
1541,906,3074,3,2,5,60.0,0.0005400000000000016,22.8
1558,1559,-3059,1,1,2,50.0,-0.01185,342.0
1560,2090,7010,4,2,6,66.67,0.026149999999999996,31.166666666666668
1568,1057,2043,5,3,8,62.5,0.017200000000000003,19.125
1582,2270,6530,4,2,6,66.67,0.02008333333333334,48.333333333333336
1583,886,-2686,1,2,3,33.33,-0.02283333333333333,65.66666666666667
1587,908,-2878,3,4,7,42.86,-0.022071428571428565,20.428571428571427
1589,3325,1775,6,1,7,85.71,0.059171428571428576,52.42857142857143
1590,6216,20284,2,2,4,50.0,0.025949999999999997,9.0
1597,2657,-21057,3,5,8,37.5,-0.0539625,42.125
1598,1677,1173,3,2,5,60.0,0.013680000000000003,18.8
1603,72,-1272,0,1,1,0.0,-0.1064,294.0
1604,645,6555,4,1,5,80.0,0.05634,83.8
1605,303,3027,3,1,4,75.0,0.062175,31.25
1608,517,-357,3,4,7,42.86,-0.01612857142857143,79.0
1609,243,-703,2,2,4,50.0,-0.006100000000000005,127.75
1611,331,519,3,2,5,60.0,0.012360000000000001,27.8
1612,144,2116,2,0,2,100.0,0.11055,112.5
1614,503,4247,3,0,3,100.0,0.056799999999999996,167.0
1615,264,-414,2,1,3,66.67,0.0055333333333333345,44.333333333333336
1616,279,-329,2,3,5,40.0,-0.013739999999999997,38.4
1617,288,2232,3,1,4,75.0,0.0627,75.5
1618,350,280,3,2,5,60.0,0.026739999999999996,55.2
1626,2213,-4163,5,5,10,50.0,0.0012500000000000011,31.8
1701,281,3869,2,0,2,100.0,0.0864,78.5
1702,2072,-21272,2,5,7,28.57,-0.03742857142857143,111.14285714285714
1707,5943,-15443,2,4,6,33.33,-0.009250000000000001,89.33333333333333
1708,663,-8713,1,3,4,25.0,-0.07617499999999999,182.75
1709,437,663,3,2,5,60.0,0.01018,121.4
1710,1176,-6226,4,5,9,44.44,-0.022366666666666667,42.77777777777778
1711,853,-1853,3,4,7,42.86,-0.00937142857142857,57.42857142857143
1712,543,5807,5,1,6,83.33,0.06849999999999999,107.33333333333333
1713,211,5139,2,0,2,100.0,0.16125,112.5
1714,479,4201,6,1,7,85.71,0.07407142857142857,64.28571428571429
1717,527,1673,2,1,3,66.67,0.020200000000000006,90.33333333333333
1718,517,-5487,2,6,8,25.0,-0.07334999999999998,54.625
1720,1217,8633,4,2,6,66.67,0.04605,132.5
1721,296,-336,2,2,4,50.0,-0.011224999999999999,63.25
1722,619,-3319,1,1,2,50.0,-0.025500000000000002,50.5
1723,5614,-14414,4,4,8,50.0,-0.0033375,66.875
1725,271,3829,2,1,3,66.67,0.08813333333333334,210.66666666666666
1726,1315,1185,2,1,3,66.67,0.010299999999999995,73.0
1727,229,-6229,0,3,3,0.0,-0.14653333333333332,177.33333333333334
1730,1117,-11417,1,2,3,33.33,-0.036366666666666665,108.0
1731,189,2811,2,0,2,100.0,0.0969,46.5
1732,390,3360,4,1,5,80.0,0.05738,97.6
1733,1613,-23763,2,6,8,25.0,-0.0733625,103.375
1734,564,3086,2,1,3,66.67,0.0231,185.0
1735,435,865,3,2,5,60.0,0.026139999999999997,33.6
1736,966,-1766,2,1,3,66.67,0.015133333333333337,64.33333333333333
1737,377,6073,2,0,2,100.0,0.10205,116.0
1760,7078,8732,4,3,7,57.14,0.028285714285714282,18.714285714285715
1762,1633,4917,4,3,7,57.14,0.006228571428571426,72.42857142857143
1773,967,533,1,1,2,50.0,0.005049999999999999,18.5
1776,227,-2227,1,1,2,50.0,-0.0533,241.0
1783,874,-1874,3,2,5,60.0,0.020640000000000002,35.6
1786,3533,-5683,6,4,10,60.0,-0.003849999999999998,25.7
1789,1250,-5850,3,3,6,50.0,-0.004316666666666666,72.83333333333333
1795,2023,15877,4,1,5,80.0,0.07189999999999999,37.4
1802,663,-7363,1,5,6,16.67,-0.060816666666666665,94.33333333333333
1805,603,-1413,4,4,8,50.0,-0.017974999999999998,26.875
1806,188,422,2,1,3,66.67,0.025133333333333337,84.0
1808,1970,-4070,4,4,8,50.0,-0.00935,83.625
1809,597,3243,5,3,8,62.5,0.035574999999999996,56.0
1810,348,4312,5,0,5,100.0,0.09536,59.8
1817,1009,-2459,2,3,5,40.0,-0.013459999999999996,195.6
1903,1570,-14170,3,4,7,42.86,-0.04567142857142858,78.42857142857143
1904,559,4041,4,1,5,80.0,0.04086,74.4
1905,483,1527,5,2,7,71.43,0.022057142857142865,168.71428571428572
1906,766,264,4,3,7,57.14,0.0050999999999999995,43.285714285714285
1907,217,633,2,1,3,66.67,0.03373333333333333,111.66666666666667
1909,895,2055,3,4,7,42.86,0.001085714285714289,40.57142857142857
2002,606,-2406,2,2,4,50.0,-0.003649999999999997,253.0
2006,677,223,3,2,5,60.0,0.007299999999999996,74.6
2007,382,2028,4,2,6,66.67,0.030916666666666665,58.333333333333336
2008,215,335,2,1,3,66.67,0.010933333333333331,82.0
2009,498,1992,4,2,6,66.67,0.05723333333333334,78.66666666666667
2010,428,1632,3,2,5,60.0,0.016179999999999996,173.8
2012,546,-596,2,3,5,40.0,-0.0005399999999999978,54.8
2013,435,1065,2,1,3,66.67,0.04943333333333333,138.0
2014,408,-1478,2,4,6,33.33,-0.030850000000000002,90.66666666666667
2015,1224,18826,4,0,4,100.0,0.097125,98.5
2017,486,1494,4,3,7,57.14,0.004614285714285711,118.57142857142857
2020,333,3567,3,1,4,75.0,0.07200000000000001,187.5
2022,306,-1546,2,3,5,40.0,-0.0187,34.4
2023,403,1077,4,2,6,66.67,0.025183333333333335,102.5
2024,190,900,2,1,3,66.67,0.0373,64.33333333333333
2025,246,-566,3,2,5,60.0,-0.008479999999999998,8.6
2027,644,2556,3,2,5,60.0,0.03839999999999999,63.2
2028,688,2642,3,4,7,42.86,-0.007314285714285719,50.0
2029,323,4777,2,0,2,100.0,0.08935,53.0
2030,148,62,1,1,2,50.0,0.014499999999999999,58.0
2031,1187,10313,7,1,8,87.5,0.0594,34.125
2032,288,3212,2,1,3,66.67,0.0462,112.33333333333333
2033,393,8607,5,0,5,100.0,0.16246,95.4
2034,1147,10153,6,2,8,75.0,0.059187500000000004,76.125
2038,513,-1013,2,3,5,40.0,-0.024059999999999998,67.2
2049,17787,-133287,4,10,14,28.57,-0.02984999999999999,19.0
2059,9963,55037,3,2,5,60.0,0.03526,38.0
2062,1431,-24631,1,5,6,16.67,-0.08815,77.16666666666667
2069,344,-2344,1,2,3,33.33,-0.05753333333333333,169.66666666666666
2101,2163,7537,7,4,11,63.64,0.021336363636363636,87.54545454545455
2102,912,3108,5,4,9,55.56,0.03817777777777778,52.77777777777778
2103,1429,9321,5,2,7,71.43,0.020214285714285716,84.71428571428571
2104,1461,8589,6,3,9,66.67,0.03674444444444444,65.33333333333333
2105,1290,-18440,1,3,4,25.0,-0.06442499999999998,71.25
2106,1349,-12899,2,4,6,33.33,-0.025716666666666665,150.66666666666666
2107,348,-2748,1,2,3,33.33,-0.014333333333333328,209.33333333333334
2108,1821,-17021,5,4,9,55.56,-0.008877777777777781,43.333333333333336
2109,702,2528,5,3,8,62.5,0.0394125,41.375
2114,1971,-5471,2,2,4,50.0,-0.004874999999999994,162.5
2115,1279,-7179,2,3,5,40.0,-0.03418,67.0
2201,1392,-11692,2,6,8,25.0,-0.050912500000000006,98.125
2204,1269,7731,3,5,8,37.5,0.0529125,46.125
2206,953,-3803,2,4,6,33.33,-0.01463333333333333,58.833333333333336
2207,10198,84302,4,1,5,80.0,0.042460000000000005,56.4
2208,677,-3677,3,4,7,42.86,-0.026485714285714283,60.42857142857143
2227,6067,58433,3,1,4,75.0,0.059800000000000006,85.25
2228,5494,-28494,4,5,9,44.44,-0.004977777777777777,34.77777777777778
2231,14173,-60173,4,7,11,36.36,-0.02575454545454545,26.09090909090909
2233,1893,-24793,1,3,4,25.0,-0.073375,74.75
2236,656,3744,1,1,2,50.0,0.032549999999999996,56.5
2239,1894,-46794,0,3,3,0.0,-0.124,68.33333333333333
2241,534,-534,1,1,2,50.0,-0.0252,37.5
2243,229,-779,1,1,2,50.0,0.027649999999999994,8.0
2247,1238,-16238,0,1,1,0.0,-0.0728,401.0
2301,1925,-3375,3,4,7,42.86,-0.007028571428571427,55.42857142857143
2302,284,-654,2,3,5,40.0,-0.006720000000000004,48.2
2303,230,-2280,1,2,3,33.33,-0.04846666666666666,39.333333333333336
2305,444,4006,5,2,7,71.43,0.07234285714285714,18.428571428571427
2308,6395,5105,5,3,8,62.5,0.010975000000000006,51.5
2312,363,447,3,2,5,60.0,0.019640000000000005,53.4
2313,842,-992,4,2,6,66.67,0.015183333333333333,17.5
2314,892,-2332,4,4,8,50.0,-0.016612500000000002,19.75
2316,1292,15758,8,2,10,80.0,0.06816,58.3
2317,2290,21910,4,1,5,80.0,0.060939999999999994,83.0
2321,304,1056,4,2,6,66.67,0.04410000000000001,11.333333333333334
2323,583,3077,8,2,10,80.0,0.054749999999999986,52.7
2324,708,9992,6,0,6,100.0,0.08906666666666667,38.0
2327,9010,22990,3,1,4,75.0,0.034225,21.75
2328,1284,-1584,5,5,10,50.0,-0.013479999999999997,58.0
2329,802,-6012,4,6,10,40.0,-0.021439999999999997,47.1
2330,3787,43713,3,0,3,100.0,0.076,34.666666666666664
2331,820,-3820,3,5,8,37.5,-0.022312500000000002,22.5
2332,860,4390,6,3,9,66.67,0.04045555555555556,29.444444444444443
2337,317,-5567,1,3,4,25.0,-0.072125,52.25
2338,461,2169,3,2,5,60.0,0.038880000000000005,68.6
2340,431,-4661,3,2,5,60.0,-0.018,30.2
2342,725,1685,5,3,8,62.5,0.0408125,24.5
2344,280,90,1,2,3,33.33,-0.0206,24.666666666666668
2345,3783,-12533,2,3,5,40.0,-0.0304,42.6
2347,1651,-7901,3,3,6,50.0,-0.004433333333333333,105.5
2348,823,13927,3,0,3,100.0,0.09933333333333333,31.666666666666668
2349,500,300,6,3,9,66.67,0.034322222222222226,44.888888888888886
2351,1279,20471,4,0,4,100.0,0.102975,32.5
2352,235,-3735,1,2,3,33.33,-0.05056666666666667,32.666666666666664
2353,1058,-8708,4,7,11,36.36,-0.02946363636363636,48.18181818181818
2354,3032,-23332,3,5,8,37.5,-0.033049999999999996,28.0
2355,2055,1545,5,3,8,62.5,0.012799999999999999,45.5
2356,837,2963,4,3,7,57.14,0.0371,111.28571428571429
2357,5979,49521,3,1,4,75.0,0.048125,111.5
2358,1062,-5552,4,9,13,30.77,-0.04271538461538461,34.30769230769231
2359,524,4576,4,1,5,80.0,0.052259999999999994,53.4
2360,2740,20160,3,2,5,60.0,0.0206,32.8
2362,1875,-4925,5,4,9,55.56,-0.01592222222222222,73.11111111111111
2363,464,4006,6,1,7,85.71,0.07988571428571427,44.142857142857146
2364,396,2414,7,1,8,87.5,0.101525,12.125
2365,345,765,4,1,5,80.0,0.027080000000000003,79.2
2367,531,-3001,2,3,5,40.0,-0.023899999999999998,44.6
2368,1004,8546,8,2,10,80.0,0.04628,11.9
2369,860,630,6,4,10,60.0,-0.003510000000000002,42.2
2371,289,3491,2,1,3,66.67,0.05023333333333333,82.0
2373,1302,-16202,0,3,3,0.0,-0.07426666666666666,197.66666666666666
2374,429,-1429,2,2,4,50.0,-0.003249999999999996,87.25
2375,876,-14826,2,2,4,50.0,-0.008024999999999997,15.0
2376,1048,-9698,2,3,5,40.0,-0.032799999999999996,30.8
2377,3746,23004,6,3,9,66.67,0.03283333333333333,40.111111111111114
2379,8638,-116638,2,3,5,40.0,-0.023340000000000003,55.0
2380,325,4045,4,1,5,80.0,0.09134,27.8
2382,2531,-6931,3,4,7,42.86,-0.007057142857142861,56.42857142857143
2383,1701,33699,3,0,3,100.0,0.1118,42.333333333333336
2385,1757,-57,2,2,4,50.0,0.004649999999999998,97.0
2387,1271,2479,6,2,8,75.0,0.0359875,34.25
2388,1404,11986,7,1,8,87.5,0.0683375,25.0
2390,342,458,2,2,4,50.0,0.02845,26.5
2392,1675,-6225,3,4,7,42.86,-0.030785714285714284,70.57142857142857
2393,1284,-1784,2,3,5,40.0,-0.0015600000000000002,29.6
2395,4668,25332,2,1,3,66.67,0.028533333333333338,96.0
2397,676,-6276,1,1,2,50.0,-0.029699999999999997,81.5
2399,245,-4675,0,3,3,0.0,-0.10706666666666668,24.0
2401,920,1380,6,3,9,66.67,0.04396666666666666,33.44444444444444
2402,544,-5044,2,3,5,40.0,-0.038900000000000004,18.0
2404,2067,-18817,2,3,5,40.0,-0.031059999999999997,50.0
2405,596,-1896,4,5,9,44.44,-0.01258888888888889,18.444444444444443
2406,1105,6645,8,2,10,80.0,0.047939999999999997,17.5
2408,1740,-14170,3,3,6,50.0,-0.03218333333333332,15.666666666666666
2409,438,-2128,3,3,6,50.0,-0.007316666666666661,44.333333333333336
2412,1277,20223,2,0,2,100.0,0.1,801.5
2413,820,6580,6,2,8,75.0,0.0529,25.75
2414,739,5911,5,1,6,83.33,0.07353333333333334,129.83333333333334
2415,770,-2670,3,3,6,50.0,-0.05196666666666667,21.5
2417,604,3246,3,2,5,60.0,0.019659999999999997,35.0
2419,391,5029,3,1,4,75.0,0.057175000000000004,34.5
2420,1426,2624,4,3,7,57.14,0.028900000000000002,106.57142857142857
2421,501,-2601,2,2,4,50.0,-0.0022749999999999958,49.75
2423,641,1209,3,2,5,60.0,0.022159999999999996,147.0
2424,0,0,0,0,0,0.0,,
2425,970,8880,5,1,6,83.33,0.05118333333333334,29.5
2426,753,-1783,6,4,10,60.0,-0.005710000000000002,29.1
2427,275,2795,4,0,4,100.0,0.084325,62.75
2428,2209,-12759,2,2,4,50.0,-0.022699999999999998,40.75
2429,0,0,0,0,0,0.0,,
2430,1152,-12352,1,6,7,14.29,-0.06638571428571428,143.28571428571428
2431,411,3289,4,1,5,80.0,0.057479999999999996,36.8
2433,1491,109,3,3,6,50.0,0.00735,196.0
2434,418,2332,5,2,7,71.43,0.05317142857142858,39.857142857142854
2436,904,-19654,0,5,5,0.0,-0.11162000000000001,15.0
2438,455,-2315,3,4,7,42.86,-0.0201,43.42857142857143
2439,6077,26023,5,3,8,62.5,0.030612500000000004,24.875
2440,433,-2683,3,3,6,50.0,-0.019799999999999998,45.833333333333336
2441,1292,-10742,2,3,5,40.0,-0.019200000000000002,79.8
2442,469,1491,5,2,7,71.43,0.0435,50.57142857142857
2443,275,-1195,2,3,5,40.0,-0.0338,23.8
2444,759,12141,6,2,8,75.0,0.14375,23.875
2449,647,5103,3,1,4,75.0,0.03534999999999999,48.75
2450,2142,-22042,2,4,6,33.33,-0.03354999999999999,171.66666666666666
2451,4231,3969,5,4,9,55.56,0.001266666666666663,113.0
2453,573,5827,6,1,7,85.71,0.06845714285714286,53.142857142857146
2454,11804,-91304,3,3,6,50.0,-0.02363333333333333,33.0
2455,1418,6732,2,2,4,50.0,-0.005374999999999998,30.5
2457,244,1566,2,1,3,66.67,0.03283333333333333,40.333333333333336
2458,2652,16348,6,3,9,66.67,0.03733333333333333,34.44444444444444
2459,1099,2901,3,2,5,60.0,0.014679999999999999,61.4
2460,649,-669,4,3,7,57.14,0.003028571428571428,54.142857142857146
2461,301,-2301,1,2,3,33.33,-0.05096666666666667,26.666666666666668
2462,1167,9383,6,2,8,75.0,0.0582,70.875
2464,1608,8342,5,2,7,71.43,0.023242857142857145,62.42857142857143
2465,1213,-21853,2,8,10,20.0,-0.07930999999999999,34.4
2466,1355,20095,6,1,7,85.71,0.09232857142857143,90.42857142857143
2467,767,5933,3,1,4,75.0,0.021699999999999997,56.5
2468,221,829,2,1,3,66.67,0.029,38.333333333333336
2471,136,-1486,0,1,1,0.0,-0.0614,41.0
2472,1425,-24375,2,4,6,33.33,-0.0593,18.666666666666668
2474,7584,-84584,2,4,6,33.33,-0.054366666666666674,42.833333333333336
2476,1045,255,5,3,8,62.5,0.006062500000000002,61.75
2477,496,-6296,2,3,5,40.0,-0.03872,20.4
2478,2092,-24242,5,6,11,45.45,-0.03311818181818182,43.81818181818182
2480,566,8334,3,0,3,100.0,0.09366666666666668,99.66666666666667
2481,1239,1661,4,2,6,66.67,0.030766666666666664,20.166666666666668
2482,322,1778,3,1,4,75.0,0.04442499999999999,78.25
2483,621,-6291,2,4,6,33.33,-0.039,71.83333333333333
2484,886,484,4,4,8,50.0,-0.007762499999999999,31.0
2485,1594,-11394,3,6,9,33.33,-0.043577777777777764,39.888888888888886
2486,984,-3754,3,4,7,42.86,-0.014400000000000005,48.42857142857143
2488,1205,1795,4,3,7,57.14,0.009428571428571429,68.28571428571429
2489,886,5564,7,2,9,77.78,0.04534444444444444,60.666666666666664
2491,236,104,2,1,3,66.67,0.06110000000000001,15.666666666666666
2492,2696,19364,4,2,6,66.67,0.03651666666666667,17.833333333333332
2493,629,21,2,2,4,50.0,0.004975000000000004,135.25
2495,458,5092,4,1,5,80.0,0.06942,115.2
2496,5030,28570,6,4,10,60.0,0.034999999999999996,43.2
2497,1469,-21619,2,5,7,28.57,-0.05655714285714286,22.857142857142858
2498,6052,31848,6,4,10,60.0,0.017730000000000003,25.7
2501,383,-2333,1,3,4,25.0,-0.034124999999999996,88.75
2504,532,1078,5,3,8,62.5,0.016287499999999996,31.625
2505,1140,3260,9,3,12,75.0,0.044074999999999996,37.25
2506,505,1395,5,2,7,71.43,0.026685714285714285,134.28571428571428
2509,797,-6997,2,4,6,33.33,-0.048683333333333335,54.666666666666664
2511,462,-2132,3,3,6,50.0,-0.01895,46.5
2514,184,-234,1,1,2,50.0,-0.004049999999999998,155.0
2515,573,2017,6,3,9,66.67,0.02978888888888889,80.22222222222223
2516,353,-2123,2,4,6,33.33,-0.04878333333333334,123.33333333333333
2520,1741,-991,6,6,12,50.0,-0.01090833333333333,38.0
2524,736,-5136,2,3,5,40.0,-0.027060000000000008,152.2
2527,242,3408,2,0,2,100.0,0.0867,108.0
2528,464,-264,3,2,5,60.0,0.025959999999999993,122.8
2530,255,-2405,1,2,3,33.33,-0.04426666666666667,36.666666666666664
2534,648,-1148,3,2,5,60.0,-0.014280000000000001,44.2
2535,302,-1552,1,1,2,50.0,-0.025699999999999994,96.5
2536,1081,-3881,4,4,8,50.0,-0.0120375,136.375
2537,505,615,4,3,7,57.14,0.022757142857142854,46.142857142857146
2538,259,-799,1,2,3,33.33,-0.044333333333333336,44.0
2539,192,2958,1,0,1,100.0,0.097,106.0
2540,0,0,0,0,0,0.0,,
2542,963,-8263,1,2,3,33.33,-0.05083333333333332,19.0
2543,260,-570,2,2,4,50.0,0.009850000000000001,52.0
2545,2057,-29357,2,7,9,22.22,-0.067,53.44444444444444
2546,748,11152,3,0,3,100.0,0.09206666666666667,160.0
2547,638,3162,4,3,7,57.14,0.016914285714285705,67.0
2548,3052,9048,5,3,8,62.5,0.0192,73.875
2597,1340,21310,5,0,5,100.0,0.10212000000000002,98.0
2601,616,-496,5,3,8,62.5,0.013274999999999999,32.25
2603,394,-44,3,2,5,60.0,0.01772,54.6
2605,662,-6712,2,4,6,33.33,-0.03819999999999999,94.16666666666667
2606,715,-13015,0,4,4,0.0,-0.099425,103.5
2607,418,-268,3,2,5,60.0,0.00894,87.6
2608,851,-21201,0,4,4,0.0,-0.131375,310.0
2609,1367,7733,5,7,12,41.67,-0.030424999999999994,41.416666666666664
2610,505,-1715,3,3,6,50.0,-0.017199999999999997,79.66666666666667
2611,129,-559,1,1,2,50.0,-0.016,86.0
2612,1182,3168,4,2,6,66.67,0.010550000000000002,82.0
2613,246,-1396,1,1,2,50.0,-0.0011999999999999997,14.5
2614,848,7922,7,2,9,77.78,0.06007777777777777,35.111111111111114
2615,631,-5931,2,4,6,33.33,-0.041449999999999994,82.16666666666667
2616,437,-2687,1,2,3,33.33,-0.040233333333333336,96.33333333333333
2617,500,-8900,1,4,5,20.0,-0.08721999999999999,141.6
2618,323,-3723,1,3,4,25.0,-0.06745,95.0
2630,215,3435,2,0,2,100.0,0.10014999999999999,32.0
2633,900,-2600,2,3,5,40.0,-0.011240000000000003,133.4
2634,1191,5309,4,2,6,66.67,0.0394,67.5
2636,731,-2831,2,3,5,40.0,-0.020999999999999998,50.6
2637,1112,-1162,3,3,6,50.0,-0.012033333333333332,118.66666666666667
2642,1111,17239,5,1,6,83.33,0.09088333333333336,119.5
2701,229,-2679,0,3,3,0.0,-0.06753333333333333,380.0
2702,203,-3153,0,2,2,0.0,-0.08524999999999999,164.5
2704,568,3882,3,1,4,75.0,0.050525,174.5
2705,542,-2222,3,4,7,42.86,-0.022128571428571435,101.71428571428571
2706,375,925,2,2,4,50.0,0.009899999999999999,321.5
2707,9604,-73104,3,5,8,37.5,-0.041662500000000005,128.375
2712,680,-8130,1,3,4,25.0,-0.05197500000000001,20.25
2722,336,-386,1,1,2,50.0,-0.0003500000000000031,55.5
2723,9081,16319,4,4,8,50.0,0.005212499999999998,32.0
2727,10880,-15180,6,5,11,54.55,-0.0025181818181818183,96.72727272727273
2731,7599,29301,9,5,14,64.29,0.02225,50.42857142857143
2739,638,2612,3,1,4,75.0,0.05224999999999999,40.75
2748,499,6701,2,0,2,100.0,0.08410000000000001,105.5
2801,187,-487,1,1,2,50.0,-0.006650000000000003,81.0
2809,1004,-8254,2,4,6,33.33,-0.03568333333333333,83.16666666666667
2812,354,-1004,3,2,5,60.0,-0.01258,402.4
2816,646,-2246,3,4,7,42.86,-0.014885714285714289,67.28571428571429
2820,232,318,2,1,3,66.67,0.023100000000000006,165.66666666666666
2832,124,-2624,0,1,1,0.0,-0.1141,456.0
2834,335,-345,3,2,5,60.0,-0.0017799999999999982,161.4
2836,202,578,2,1,3,66.67,0.0257,151.0
2838,288,2442,3,1,4,75.0,0.063975,299.75
2841,514,836,5,3,8,62.5,0.022137499999999997,118.0
2845,358,442,3,2,5,60.0,0.011959999999999998,231.8
2849,416,284,3,2,5,60.0,0.009240000000000002,127.8
2850,761,7239,4,1,5,80.0,0.05382,94.2
2851,392,-842,1,2,3,33.33,-0.015399999999999997,27.666666666666668
2852,423,-6273,1,4,5,20.0,-0.07946,169.0
2855,770,-2070,4,3,7,57.14,0.008114285714285702,109.71428571428571
2867,323,-5953,0,4,4,0.0,-0.107075,70.5
2880,0,0,0,0,0,0.0,,
2881,1070,17980,4,0,4,100.0,0.107775,76.5
2882,1590,16760,5,1,6,83.33,0.06805000000000001,86.83333333333333
2883,442,1988,4,2,6,66.67,0.029799999999999997,115.33333333333333
2884,399,6251,3,0,3,100.0,0.09806666666666668,281.0
2885,477,1523,3,2,5,60.0,0.023699999999999995,63.4
2886,855,8795,5,0,5,100.0,0.06644,68.2
2887,597,7053,6,1,7,85.71,0.07274285714285715,98.0
2888,469,-1639,3,4,7,42.86,-0.022257142857142857,146.85714285714286
2889,313,4267,4,0,4,100.0,0.097325,96.75
2890,309,4291,4,0,4,100.0,0.097325,112.0
2891,712,11288,6,0,6,100.0,0.10015,98.33333333333333
2892,364,5536,3,0,3,100.0,0.09623333333333334,238.0
2897,61,-841,0,1,1,0.0,-0.1065,511.0
2901,473,9377,2,0,2,100.0,0.1297,110.5
2903,716,-4466,3,4,7,42.86,-0.02272857142857143,63.42857142857143
2904,656,-10256,1,4,5,20.0,-0.07878,128.0
2905,973,2027,5,3,8,62.5,0.018325000000000004,66.5
2906,230,1220,2,1,3,66.67,0.03206666666666667,66.66666666666667
2908,284,2916,2,0,2,100.0,0.06035,101.5
2910,368,582,1,1,2,50.0,-0.002450000000000001,86.0
2911,715,-3365,4,4,8,50.0,-0.007012500000000005,21.875
2912,8498,36002,4,2,6,66.67,0.03928333333333333,109.5
2913,683,217,4,3,7,57.14,0.013657142857142859,38.714285714285715
2915,1959,13841,4,1,5,80.0,0.04586,57.8
2923,574,3926,3,1,4,75.0,0.034325,33.75
2929,1250,-10060,1,5,6,16.67,-0.08563333333333334,40.0
2936,430,-1080,1,2,3,33.33,-0.0327,111.33333333333333
2939,1842,11808,3,2,5,60.0,0.0503,4.4
3002,295,1115,3,1,4,75.0,0.042575,126.0
3003,2093,3907,4,3,7,57.14,0.021657142857142854,38.714285714285715
3004,1643,3957,3,2,5,60.0,0.02866,49.8
3005,1055,8395,3,2,5,60.0,0.02826,24.4
3006,1622,-10222,2,4,6,33.33,-0.03388333333333333,15.0
3008,83487,1491513,4,0,4,100.0,0.114425,23.0
3010,1347,8403,4,1,5,80.0,0.04566000000000001,61.6
3011,274,4206,4,0,4,100.0,0.1316,37.75
3013,1203,-4753,5,7,12,41.67,-0.02485,50.666666666666664
3014,958,15742,5,0,5,100.0,0.10482,62.6
3015,729,8171,3,1,4,75.0,0.036250000000000004,48.0
3016,736,4164,3,2,5,60.0,0.028799999999999992,29.6
3017,233,-5583,0,2,2,0.0,-0.12745,9.0
3018,603,-12053,2,1,3,66.67,0.015433333333333327,30.0
3019,1630,13420,4,1,5,80.0,0.07056,32.4
3021,320,-1570,1,3,4,25.0,-0.03064999999999999,40.25
3022,1773,14677,4,3,7,57.14,0.0717,58.142857142857146
3023,5345,47155,4,1,5,80.0,0.08238,47.4
3024,607,-3487,4,6,10,40.0,-0.02975,51.7
3025,581,6639,4,1,5,80.0,0.0928,18.6
3026,3709,31041,5,3,8,62.5,0.0370875,38.625
3027,924,146,6,4,10,60.0,-0.005579999999999999,25.7
3028,337,1713,2,1,3,66.67,0.029366666666666666,347.3333333333333
3029,1244,14206,7,2,9,77.78,0.05207777777777778,49.111111111111114
3030,1609,-2859,3,3,6,50.0,-0.00145,83.83333333333333
3031,603,-2853,4,4,8,50.0,-0.007637500000000002,30.0
3032,995,-6095,3,3,6,50.0,0.003783333333333333,57.333333333333336
3033,544,-6694,1,4,5,20.0,-0.07206000000000001,171.0
3034,7204,-9204,3,2,5,60.0,0.0162,50.0
3035,1028,-6928,2,3,5,40.0,-0.04,23.4
3036,1464,28486,5,0,5,100.0,0.1265,157.2
3037,1404,-9354,3,2,5,60.0,0.015059999999999999,84.2
3038,504,2656,5,2,7,71.43,0.04915714285714285,34.57142857142857
3040,1929,-8679,5,5,10,50.0,-0.0015799999999999987,66.2
3041,1148,-5248,4,5,9,44.44,-0.020411111111111106,24.444444444444443
3042,1690,-2690,3,3,6,50.0,-0.018850000000000002,88.0
3043,462,1938,6,3,9,66.67,0.06657777777777778,11.555555555555555
3044,2912,6788,3,3,6,50.0,0.007316666666666673,29.5
3045,2394,-4094,2,2,4,50.0,-0.0087,94.25
3046,750,580,4,4,8,50.0,0.007399999999999997,24.25
3047,634,1536,6,3,9,66.67,0.019033333333333333,53.77777777777778
3048,712,-12812,2,5,7,28.57,-0.08665714285714286,26.142857142857142
3049,504,-2964,4,4,8,50.0,-0.012887500000000005,14.125
3050,822,2328,9,3,12,75.0,0.02590000000000001,30.75
3051,347,3653,5,1,6,83.33,0.11259999999999999,13.166666666666666
3052,432,-3922,2,4,6,33.33,-0.0448,85.33333333333333
3054,568,-3718,2,3,5,40.0,-0.03792,92.2
3055,776,3774,4,2,6,66.67,0.02685,56.833333333333336
3056,674,-2324,2,2,4,50.0,-0.044575000000000004,47.75
3057,869,7471,7,2,9,77.78,0.050577777777777784,19.555555555555557
3058,397,-2677,2,3,5,40.0,-0.025840000000000002,33.6
3059,632,2918,3,2,5,60.0,0.026860000000000002,27.8
3060,4220,16830,5,3,8,62.5,0.0504125,47.875
3062,836,2964,5,2,7,71.43,0.03165714285714286,33.285714285714285
3090,1470,-3020,3,4,7,42.86,-0.02499999999999999,61.285714285714285
3094,1008,4492,6,2,8,75.0,0.0346375,46.5
3130,1712,-1212,1,1,2,50.0,-0.0014000000000000054,55.0
3138,247,-1487,1,3,4,25.0,-0.107325,15.75
3149,1357,-16047,2,7,9,22.22,-0.06124444444444445,29.444444444444443
3164,1709,5541,5,4,9,55.56,0.02706666666666666,22.77777777777778
3167,842,7208,3,1,4,75.0,0.046950000000000006,55.5
3189,498,-9698,0,1,1,0.0,-0.1053,34.0
3209,440,-5490,1,3,4,25.0,-0.0589,117.25
3229,1093,-843,4,5,9,44.44,-0.02297777777777777,18.444444444444443
3231,1083,-433,4,3,7,57.14,-0.0014,75.28571428571429
3257,1753,-9653,2,3,5,40.0,-0.02146,23.8
3266,363,887,2,2,4,50.0,0.056,34.75
3296,502,2648,3,2,5,60.0,0.02942,22.4
3305,1695,-1845,5,5,10,50.0,-0.010109999999999997,48.0
3308,191,-771,2,1,3,66.67,-0.012733333333333331,28.666666666666668
3311,389,9161,3,1,4,75.0,0.160975,37.25
3312,375,695,2,2,4,50.0,0.003425000000000001,28.0
3321,317,4033,3,1,4,75.0,0.0849,36.75
3338,1247,-15597,1,5,6,16.67,-0.07813333333333333,25.666666666666668
3346,2354,21546,5,3,8,62.5,0.048825,41.25
3356,5853,-71253,5,9,14,35.71,-0.04503571428571429,37.785714285714285
3376,2007,7093,3,1,4,75.0,0.041925,33.5
3380,783,317,4,2,6,66.67,0.014466666666666664,16.166666666666668
3383,535,-2835,3,4,7,42.86,-0.03635714285714286,30.428571428571427
3406,9586,37214,5,3,8,62.5,0.030074999999999998,15.375
3413,2107,693,2,1,3,66.67,0.04743333333333333,20.0
3416,757,543,1,1,2,50.0,-0.008050000000000002,61.0
3419,933,1367,6,4,10,60.0,0.01182,38.1
3432,753,-7143,4,5,9,44.44,-0.03852222222222223,38.22222222222222
3437,1114,-3664,3,3,6,50.0,0.004383333333333332,17.666666666666668
3443,11487,55613,6,3,9,66.67,0.041688888888888886,34.22222222222222
3450,3727,-50277,3,6,9,33.33,-0.05255555555555555,30.77777777777778
3454,5553,-54753,3,7,10,30.0,-0.04052000000000001,45.1
3481,295,-4565,1,3,4,25.0,-0.0617,48.75
3494,701,-3571,4,6,10,40.0,-0.023339999999999993,29.4
3501,857,3293,2,1,3,66.67,0.02183333333333333,154.33333333333334
3504,3650,-44400,5,8,13,38.46,-0.05203076923076923,25.307692307692307
3515,1250,21750,3,0,3,100.0,0.112,108.0
3518,1321,-8221,3,4,7,42.86,-0.008914285714285713,33.42857142857143
3528,633,5317,2,1,3,66.67,0.0512,116.66666666666667
3530,3567,-43297,2,5,7,28.57,-0.04462857142857143,26.142857142857142
3532,1765,4735,2,3,5,40.0,-0.004980000000000001,25.0
3533,2335,20265,1,2,3,33.33,-0.015166666666666662,69.0
3535,724,7026,5,3,8,62.5,0.061575,21.625
3536,478,1582,4,3,7,57.14,0.01607142857142857,17.714285714285715
3543,521,749,4,1,5,80.0,0.035739999999999994,23.2
3545,2512,-16962,4,5,9,44.44,-0.010955555555555559,23.88888888888889
3550,350,3650,3,1,4,75.0,0.06242499999999999,93.5
3557,1260,-6020,5,4,9,55.56,0.030077777777777783,78.33333333333333
3563,8778,68872,8,3,11,72.73,0.044463636363636365,28.727272727272727
3576,821,1679,5,5,10,50.0,-0.014559999999999995,38.5
3583,2124,7876,4,2,6,66.67,0.023783333333333333,52.833333333333336
3588,986,-5886,3,3,6,50.0,-0.015616666666666668,21.833333333333332
3591,815,-1415,4,3,7,57.14,-0.009985714285714287,31.142857142857142
3593,597,-4587,2,7,9,22.22,-0.052233333333333326,20.88888888888889
3596,2564,7536,4,3,7,57.14,0.010885714285714287,34.42857142857143
3605,827,2123,2,2,4,50.0,0.00014999999999999736,57.75
3607,1404,-4954,3,3,6,50.0,-0.01066666666666667,20.5
3617,2749,-4449,3,3,6,50.0,-0.008649999999999998,95.83333333333333
3622,1440,-7040,4,5,9,44.44,-0.020644444444444448,22.11111111111111
3645,1800,-1650,4,4,8,50.0,0.004249999999999999,23.875
3653,4286,14564,4,2,6,66.67,0.03535,15.166666666666666
3661,3574,45826,3,2,5,60.0,0.01968,21.6
3665,3768,-59268,1,3,4,25.0,-0.061625000000000006,20.0
3669,723,2177,3,2,5,60.0,0.006180000000000001,51.2
3673,4986,-75286,3,7,10,30.0,-0.06118,33.9
3679,1567,-22917,1,5,6,16.67,-0.07621666666666667,79.16666666666667
3682,410,-820,3,3,6,50.0,-0.010250000000000002,29.166666666666668
3686,551,-201,3,5,8,37.5,-0.012125,45.75
3694,819,5331,6,2,8,75.0,0.050937500000000004,57.125
3701,60,-60,0,1,1,0.0,-0.0088,3.0
3702,1318,11832,5,1,6,83.33,0.05723333333333333,64.0
3703,656,-5186,3,5,8,37.5,-0.0331,88.625
3704,917,-3467,4,5,9,44.44,-0.016511111111111112,34.666666666666664
3705,1430,-9480,2,3,5,40.0,-0.033979999999999996,66.4
3706,854,8096,5,1,6,83.33,0.062349999999999996,53.833333333333336
3708,860,17040,2,0,2,100.0,0.13455,31.5
3711,362,5438,1,0,1,100.0,0.0947,2.0
3712,321,5179,2,0,2,100.0,0.10125,16.0
3714,676,-16676,0,2,2,0.0,-0.11595,2.5
4104,2748,25702,7,2,9,77.78,0.05461111111111111,148.77777777777777
4106,1189,2361,4,3,7,57.14,0.025914285714285716,54.142857142857146
4108,2133,5217,9,5,14,64.29,0.0021214285714285736,42.357142857142854
4119,2737,25163,4,1,5,80.0,0.045439999999999994,56.0
4133,1056,8894,3,2,5,60.0,0.058600000000000006,103.4
4137,11217,-59717,5,6,11,45.45,-0.025718181818181817,31.181818181818183
4142,1736,6964,7,3,10,70.0,0.02133,33.3
4155,2819,-2369,5,6,11,45.45,-0.01381818181818182,22.363636363636363
4164,1078,-4628,1,2,3,33.33,-0.041766666666666674,127.66666666666667
4190,4194,-7094,5,4,9,55.56,-0.011011111111111114,40.22222222222222
4306,464,-1594,2,4,6,33.33,-0.019116666666666667,104.66666666666667
4414,706,-6306,2,7,9,22.22,-0.0678111111111111,41.44444444444444
4426,1890,-9040,2,3,5,40.0,-0.03345999999999999,41.2
4438,1372,2128,1,1,2,50.0,0.014399999999999996,33.5
4439,2999,-19499,2,2,4,50.0,-0.024874999999999994,23.0
4526,896,-3996,3,4,7,42.86,-0.03171428571428571,102.71428571428571
4532,883,-1733,2,4,6,33.33,-0.028316666666666667,71.5
4536,2768,-6968,2,2,4,50.0,-0.014825000000000001,46.5
4540,2243,18327,7,2,9,77.78,0.038599999999999995,26.0
4545,621,6779,3,0,3,100.0,0.06196666666666667,47.333333333333336
4551,3132,7468,2,2,4,50.0,-0.002525000000000003,16.0
4552,905,-13455,1,3,4,25.0,-0.066975,114.0
4555,296,-3596,0,1,1,0.0,-0.0678,141.0
4557,1202,1398,2,1,3,66.67,0.012333333333333335,247.0
4560,1457,18643,5,0,5,100.0,0.0812,34.8
4562,383,6897,2,0,2,100.0,0.1212,128.5
4564,1571,-15171,2,5,7,28.57,-0.04491428571428572,30.428571428571427
4566,525,-2125,1,1,2,50.0,-0.023350000000000003,38.5
4571,987,-13287,0,2,2,0.0,-0.07095,77.5
4572,472,4928,1,0,1,100.0,0.0643,27.0
4576,1201,599,1,1,2,50.0,0.00764999999999999,33.5
4581,369,-5269,0,2,2,0.0,-0.07400000000000001,149.0
4720,340,2810,3,1,4,75.0,0.0559,205.75
4722,787,-4887,2,3,5,40.0,-0.02902,124.2
4737,3965,20035,6,5,11,54.55,0.03725454545454546,48.72727272727273
4739,2157,-19457,2,4,6,33.33,-0.05691666666666667,28.5
4746,4224,-10774,6,6,12,50.0,-0.0036999999999999997,31.083333333333332
4755,1246,20404,5,0,5,100.0,0.10794000000000001,45.8
4763,3449,-7749,3,2,5,60.0,0.005699999999999999,59.8
4764,1119,-12359,1,2,3,33.33,-0.05876666666666667,82.66666666666667
4766,4162,11838,3,2,5,60.0,0.0225,85.0
4807,141,-441,0,1,1,0.0,-0.0181,32.0
4904,1952,6748,3,2,5,60.0,0.025739999999999996,250.2
4906,686,1114,3,2,5,60.0,0.014119999999999999,35.2
4912,4140,-49740,2,4,6,33.33,-0.049850000000000005,56.166666666666664
4915,955,-10155,2,2,4,50.0,-0.042925000000000005,28.0
4916,2117,-14117,4,7,11,36.36,-0.03443636363636364,24.727272727272727
4919,415,-3465,1,2,3,33.33,-0.03930000000000001,18.333333333333332
4927,3252,3248,6,6,12,50.0,-0.007808333333333331,41.583333333333336
4930,508,1742,4,1,5,80.0,0.052579999999999995,48.4
4934,694,-374,5,4,9,55.56,0.012466666666666666,25.22222222222222
4935,3567,3933,7,5,12,58.33,0.009058333333333333,53.166666666666664
4938,2452,12598,5,2,7,71.43,0.035842857142857135,28.714285714285715
4942,762,-5462,1,3,4,25.0,-0.059099999999999986,46.25
4943,2037,18863,4,2,6,66.67,0.03575,15.333333333333334
4952,1023,11027,4,1,5,80.0,0.06996,49.2
4956,679,771,4,3,7,57.14,0.013542857142857143,19.571428571428573
4958,2883,31117,5,1,6,83.33,0.068,33.666666666666664
4960,549,8551,4,0,4,100.0,0.111525,34.75
4961,1469,-7429,3,4,7,42.86,-0.0082,140.71428571428572
4967,0,0,0,0,0,0.0,,
4968,4364,-66564,2,3,5,40.0,-0.03316,12.4
4976,1988,-17138,4,5,9,44.44,-0.04265555555555555,45.333333333333336
4977,3585,36115,6,2,8,75.0,0.059512499999999996,46.75
4989,0,0,0,0,0,0.0,,
4994,4791,-14041,4,5,9,44.44,-0.03314444444444445,10.777777777777779
4999,1262,-4662,2,3,5,40.0,-0.01434,150.6
5007,2100,-17150,2,4,6,33.33,-0.03243333333333334,174.66666666666666
5203,1982,-182,2,2,4,50.0,0.013049999999999999,121.75
5215,3660,-1760,5,6,11,45.45,-0.00326363636363636,46.81818181818182
5225,1251,-12451,1,4,5,20.0,-0.050980000000000004,13.4
5234,2278,22072,6,1,7,85.71,0.0676857142857143,42.714285714285715
5243,927,-8577,2,2,4,50.0,-0.027075000000000005,42.5
5258,0,0,0,0,0,0.0,,
5269,14938,-25738,5,2,7,71.43,0.046400000000000004,14.857142857142858
5283,390,2840,1,1,2,50.0,0.07390000000000001,80.0
5284,1290,-190,2,2,4,50.0,-0.0005750000000000026,122.75
5285,2217,5083,4,2,6,66.67,0.026833333333333334,30.333333333333332
5288,1937,28863,3,0,3,100.0,0.09106666666666667,56.333333333333336
5388,2291,22209,5,1,6,83.33,0.06586666666666667,108.66666666666667
5434,1990,-10290,3,3,6,50.0,-0.010433333333333334,56.333333333333336
5469,1450,10890,7,3,10,70.0,0.04638,55.7
5471,1641,-21241,2,5,7,28.57,-0.061085714285714285,78.42857142857143
5484,388,-498,3,3,6,50.0,-0.008483333333333329,34.833333333333336
5515,128,-3128,0,2,2,0.0,-0.16065,184.5
5519,535,-2835,3,3,6,50.0,-0.0046,54.166666666666664
5521,482,-1622,3,4,7,42.86,-0.022128571428571425,88.14285714285714
5522,1703,6497,5,2,7,71.43,0.029400000000000003,44.714285714285715
5525,466,1734,3,1,4,75.0,0.043675,62.5
5531,632,4718,6,2,8,75.0,0.05325,56.625
5533,181,-331,1,1,2,50.0,-0.003799999999999998,231.5
5534,3667,-3467,5,4,9,55.56,0.008833333333333334,79.66666666666667
5538,803,197,2,2,4,50.0,0.017300000000000003,158.5
5546,369,8131,1,0,1,100.0,0.1439,35.0
5607,497,1903,3,2,5,60.0,0.0303,71.6
5608,316,-3746,1,3,4,25.0,-0.06605,165.0
5706,1879,21721,6,1,7,85.71,0.08087142857142858,181.0
5871,1309,-14209,1,2,3,33.33,-0.05146666666666667,11.0
5876,982,14758,4,0,4,100.0,0.093175,105.5
5880,375,5425,4,0,4,100.0,0.09182500000000002,103.75
5906,652,3408,5,3,8,62.5,0.012162500000000003,31.25
5907,1601,-1351,4,5,9,44.44,-0.01163333333333333,73.44444444444444
6005,656,4714,7,2,9,77.78,0.053311111111111115,99.55555555555556
6024,1590,5510,5,2,7,71.43,0.03895714285714285,127.71428571428571
6108,615,2285,3,2,5,60.0,0.02522,51.8
6112,899,-1899,3,2,5,60.0,0.00194,111.4
6115,972,6628,3,1,4,75.0,0.043325,133.0
6116,712,-8962,3,8,11,27.27,-0.07758181818181818,30.09090909090909
6117,484,5016,4,1,5,80.0,0.07447999999999999,46.4
6120,918,-4788,3,6,9,33.33,-0.016111111111111114,22.333333333333332
6128,1370,-1170,4,3,7,57.14,0.0011714285714285713,102.0
6133,134,-564,1,1,2,50.0,-0.015100000000000002,58.0
6136,476,-76,2,2,4,50.0,-0.0025000000000000022,110.75
6139,1032,10668,5,1,6,83.33,0.05841666666666667,48.166666666666664
6141,909,-2339,4,5,9,44.44,-0.027944444444444445,57.22222222222222
6142,332,648,3,2,5,60.0,0.01972,27.0
6152,385,-4455,1,5,6,16.67,-0.08546666666666668,33.0
6153,1463,-5563,5,4,9,55.56,-0.007577777777777776,19.88888888888889
6155,464,4136,3,1,4,75.0,0.06437499999999999,50.75
6164,292,1988,3,1,4,75.0,0.048,13.25
6165,1517,-2967,4,5,9,44.44,0.007400000000000002,16.11111111111111
6166,3439,-9539,5,5,10,50.0,-0.020479999999999995,57.8
6168,383,-2133,2,3,5,40.0,-0.02694,33.4
6172,56,754,1,0,1,100.0,0.1718,8.0
6176,3345,13655,4,2,6,66.67,0.03181666666666667,38.5
6177,660,11240,4,0,4,100.0,0.1108,63.5
6183,447,103,2,1,3,66.67,0.005200000000000006,231.66666666666666
6184,1572,7028,4,2,6,66.67,0.03053333333333333,226.5
6189,1109,341,3,3,6,50.0,0.01546666666666667,161.83333333333334
6191,483,-3133,3,2,5,60.0,-0.0005400000000000043,40.4
6192,2315,-18615,3,4,7,42.86,-0.04034285714285714,58.857142857142854
6196,2771,-13771,5,5,10,50.0,-0.00625,40.8
6197,808,12042,4,0,4,100.0,0.09925,82.5
6201,597,3853,2,1,3,66.67,0.04853333333333334,108.0
6202,1765,-13065,2,4,6,33.33,-0.03356666666666666,49.166666666666664
6205,1001,-2901,3,3,6,50.0,-0.005000000000000002,52.5
6206,2684,-18784,3,3,6,50.0,-0.018749999999999992,130.33333333333334
6209,1412,13688,6,3,9,66.67,0.048811111111111104,23.666666666666668
6213,2676,15124,4,2,6,66.67,0.026883333333333332,42.833333333333336
6214,1786,-16736,2,3,5,40.0,-0.04526000000000001,38.2
6215,751,-4951,3,4,7,42.86,-0.025714285714285717,40.285714285714285
6216,619,5631,3,1,4,75.0,0.06894999999999998,132.75
6224,1552,-6252,2,2,4,50.0,-0.014875,179.75
6225,116,204,1,1,2,50.0,0.03185,11.5
6226,462,-82,4,3,7,57.14,-0.0037857142857142872,49.142857142857146
6230,6234,-71034,3,6,9,33.33,-0.0627888888888889,45.0
6235,338,-2788,2,2,4,50.0,-0.03722500000000001,46.0
6239,1956,9644,3,2,5,60.0,0.015019999999999995,30.8
6243,392,-862,2,3,5,40.0,-0.0013400000000000022,22.8
6251,284,3866,4,0,4,100.0,0.10297500000000001,48.75
6257,660,-1860,2,2,4,50.0,-0.011124999999999996,31.5
6269,1520,-8620,1,2,3,33.33,-0.027699999999999992,121.0
6271,6698,-22598,4,6,10,40.0,-0.010400000000000001,13.8
6277,2460,9140,3,2,5,60.0,0.02522000000000001,246.6
6278,1351,17449,4,0,4,100.0,0.08,96.0
6281,1079,16021,3,0,3,100.0,0.09360000000000002,99.0
6282,1693,-3343,7,5,12,58.33,-0.006233333333333331,22.333333333333332
6283,1470,-13660,4,5,9,44.44,-0.009477777777777774,25.555555555555557
6285,3136,9914,5,3,8,62.5,0.025175000000000003,56.625
6288,361,-1511,1,3,4,25.0,-0.05695,10.25
6289,0,0,0,0,0,0.0,,
6405,1190,-24740,1,7,8,12.5,-0.1015625,24.125
6409,9274,86226,2,1,3,66.67,0.0481,17.333333333333332
6412,1833,8867,4,2,6,66.67,0.038033333333333336,57.666666666666664
6414,8690,-93190,2,4,6,33.33,-0.050366666666666664,20.666666666666668
6415,6713,104287,3,0,3,100.0,0.10993333333333333,38.666666666666664
6416,4093,807,4,3,7,57.14,0.02195714285714286,30.0
6431,302,1238,2,2,4,50.0,0.017575,10.75
6438,739,-11139,0,2,2,0.0,-0.0821,7.5
6442,834,-7834,1,3,4,25.0,-0.03497499999999999,149.5
6443,761,-2801,3,3,6,50.0,-0.032916666666666664,32.0
6449,1738,-19638,2,5,7,28.57,-0.06111428571428571,35.285714285714285
6451,4215,-46715,2,6,8,25.0,-0.053987499999999994,21.25
6456,3076,19824,4,1,5,80.0,0.04322,31.6
6464,1893,-16993,1,2,3,33.33,-0.049999999999999996,310.3333333333333
6477,871,3679,3,1,4,75.0,0.07825,33.25
6491,4276,28224,3,1,4,75.0,0.0392,73.25
6504,7336,51164,6,3,9,66.67,0.045644444444444446,52.77777777777778
6505,4119,-15119,4,4,8,50.0,-0.02325,116.0
6515,0,0,0,0,0,0.0,,
6525,1256,5244,2,1,3,66.67,0.028166666666666663,26.333333333333332
6531,4552,19498,2,1,3,66.67,0.02093333333333333,19.333333333333332
6533,8457,-82957,2,3,5,40.0,-0.02696,18.4
6541,2766,7534,3,3,6,50.0,0.005316666666666667,17.0
6552,1169,-369,2,2,4,50.0,0.007050000000000004,33.5
6558,1318,1982,4,3,7,57.14,0.0026999999999999962,23.142857142857142
6573,307,-7407,0,3,3,0.0,-0.12803333333333333,18.666666666666668
6579,2890,-24140,2,4,6,33.33,-0.0484,115.0
6581,630,-11630,0,1,1,0.0,-0.1003,132.0
6582,2801,-55301,0,5,5,0.0,-0.10574000000000001,34.6
6591,752,-15252,0,2,2,0.0,-0.11005000000000001,41.0
6592,390,-14390,0,1,1,0.0,-0.1857,9.0
6598,0,0,0,0,0,0.0,,
6605,1142,-2642,1,1,2,50.0,-0.0076999999999999985,21.0
6625,921,15929,2,2,4,50.0,0.102075,75.25
6641,1474,19326,3,1,4,75.0,0.081875,30.25
6655,279,-6679,0,1,1,0.0,-0.1275,21.0
6666,710,-810,1,1,2,50.0,0.002150000000000006,91.0
6668,0,0,0,0,0,0.0,,
6669,19495,-185495,1,3,4,25.0,-0.050124999999999996,26.5
6670,0,0,0,0,0,0.0,,
6671,231,2119,1,0,1,100.0,0.0561,33.0
6672,932,-5432,1,1,2,50.0,-0.01745,25.5
6674,509,3491,2,1,3,66.67,0.0474,48.333333333333336
6698,879,1971,2,1,3,66.67,0.038266666666666664,19.333333333333332
6706,1270,-5770,1,1,2,50.0,0.009849999999999998,23.5
6715,1988,7012,2,1,3,66.67,0.027766666666666665,60.666666666666664
6743,925,14075,2,0,2,100.0,0.09895,10.5
6754,0,0,0,0,0,0.0,,
6756,0,0,0,0,0,0.0,,
8011,1378,172,5,4,9,55.56,0.011533333333333333,18.22222222222222
8016,2149,-15149,1,3,4,25.0,-0.0531,40.25
8021,1051,4849,6,2,8,75.0,0.042187499999999996,74.5
8028,1727,-16447,2,6,8,25.0,-0.060825000000000004,20.75
8033,581,6119,6,2,8,75.0,0.0849625,25.0
8039,1365,7435,4,2,6,66.67,0.041833333333333333,58.833333333333336
8046,2832,-24932,3,4,7,42.86,-0.0007428571428571463,34.142857142857146
8070,3022,13578,4,2,6,66.67,0.006316666666666669,35.166666666666664
8072,936,-2836,3,1,4,75.0,0.043774999999999994,232.5
8081,916,14384,2,0,2,100.0,0.10015,84.5
8101,713,-1623,5,6,11,45.45,-0.01508181818181818,31.90909090909091
8103,1404,-14704,2,5,7,28.57,-0.04971428571428572,61.57142857142857
8104,915,13785,3,0,3,100.0,0.09566666666666666,40.666666666666664
8105,559,-1199,3,4,7,42.86,-0.008757142857142856,49.714285714285715
8110,63,417,1,0,1,100.0,0.0571,6.0
8112,825,-2075,3,2,5,60.0,0.007380000000000003,28.0
8114,6025,41875,5,3,8,62.5,0.03185,17.875
8131,529,8321,3,0,3,100.0,0.09916666666666667,65.33333333333333
8150,1352,-5302,4,4,8,50.0,-0.015225,25.875
8163,1825,-4675,4,6,10,40.0,-0.025759999999999995,51.2
8201,318,-68,3,1,4,75.0,0.001874999999999999,41.0
8210,2538,18612,5,3,8,62.5,0.025575,43.125
8213,812,-1162,2,2,4,50.0,-0.009575000000000004,56.0
8215,1326,-1026,6,4,10,60.0,0.007039999999999999,33.8
8222,660,-760,3,3,6,50.0,0.012516666666666667,68.66666666666667
8249,588,4862,4,1,5,80.0,0.05208,88.6
8261,523,-273,2,2,4,50.0,-0.022974999999999995,23.75
8271,1089,10811,4,1,5,80.0,0.06664,87.2
8341,5838,-32838,2,3,5,40.0,-0.03541999999999999,119.0
8367,148,2802,1,0,1,100.0,0.1216,206.0
8374,1175,-7085,4,5,9,44.44,-0.018855555555555552,22.444444444444443
8404,1263,13287,5,1,6,83.33,0.06871666666666666,25.166666666666668
8411,731,-7531,1,2,3,33.33,-0.011399999999999999,43.666666666666664
8422,3733,-60233,0,4,4,0.0,-0.08889999999999999,62.75
8429,1691,2199,3,6,9,33.33,-0.0343,35.77777777777778
8442,262,5088,1,0,1,100.0,0.1252,83.0
8443,311,3089,2,1,3,66.67,0.07966666666666666,80.0
8454,4001,-32501,1,2,3,33.33,-0.0359,101.66666666666667
8462,3099,-3499,2,2,4,50.0,0.009075,91.75
8463,391,2409,2,1,3,66.67,0.0258,38.0
8464,8324,-3324,2,3,5,40.0,-0.017060000000000002,52.8
8466,364,4136,1,0,1,100.0,0.0702,24.0
8467,348,-7748,0,2,2,0.0,-0.11735000000000001,47.0
8473,1095,-14595,1,3,4,25.0,-0.066875,37.0
8478,1703,-11603,2,2,4,50.0,-0.015925,38.25
8480,538,-15338,0,1,1,0.0,-0.1489,50.0
8481,1034,14266,3,0,3,100.0,0.08289999999999999,63.0
8482,747,-15747,0,1,1,0.0,-0.1133,75.0
8488,0,0,0,0,0,0.0,,
8499,1763,-3963,2,1,3,66.67,0.0021,44.666666666666664
8926,687,10713,5,0,5,100.0,0.09949999999999999,175.8
8940,206,3644,2,0,2,100.0,0.11305,41.0
8996,2028,-10778,3,4,7,42.86,-0.021828571428571426,30.0
9802,2556,-30056,2,4,6,33.33,-0.04945,54.166666666666664
9902,450,-5440,1,5,6,16.67,-0.06151666666666667,105.83333333333333
9904,1048,-9548,2,3,5,40.0,-0.04752000000000001,144.4
9905,682,-1132,2,2,4,50.0,-0.015574999999999999,184.0
9906,612,3888,2,2,4,50.0,0.0014750000000000006,23.0
9907,552,-5752,2,4,6,33.33,-0.04971666666666665,171.5
9908,317,2633,2,0,2,100.0,0.05935,301.5
9910,4770,12030,4,2,6,66.67,0.03941666666666666,52.833333333333336
9911,780,-5480,2,2,4,50.0,-0.0255,70.5
9912,487,-3177,3,4,7,42.86,-0.01641428571428571,57.42857142857143
9914,9145,24355,7,3,10,70.0,0.022909999999999996,39.1
9917,1454,4946,2,1,3,66.67,0.028399999999999995,513.0
9918,198,2902,1,0,1,100.0,0.0924,23.0
9919,426,-3376,2,2,4,50.0,-0.001749999999999998,65.0
9921,10196,-89696,3,6,9,33.33,-0.05288888888888889,48.22222222222222
9924,1043,-17193,0,5,5,0.0,-0.09081999999999998,136.4
9925,849,-1249,2,2,4,50.0,-0.002999999999999999,135.0
9926,0,0,0,0,0,0.0,,
9927,562,8188,3,0,3,100.0,0.0902,141.33333333333334
9928,354,2486,4,1,5,80.0,0.03912,70.4
9929,209,-2399,0,3,3,0.0,-0.07316666666666667,113.66666666666667
9930,1516,-4316,2,2,4,50.0,-0.008425000000000002,82.0
9931,173,-2573,0,1,1,0.0,-0.0819,63.0
9933,1917,-3767,3,4,7,42.86,-0.01795714285714286,79.85714285714286
9934,334,2266,2,1,3,66.67,0.029266666666666667,60.666666666666664
9935,889,-9109,1,7,8,12.5,-0.06787499999999999,48.0
9937,490,7560,2,0,2,100.0,0.09720000000000001,364.5
9938,2242,-10042,3,3,6,50.0,-0.01343333333333333,18.333333333333332
9939,2928,6472,5,3,8,62.5,0.0125625,135.25
9940,1187,-3187,2,3,5,40.0,-0.015460000000000002,50.2
9941,1467,23233,3,0,3,100.0,0.0979,61.333333333333336
9942,1569,1931,1,2,3,33.33,-0.0032333333333333316,76.33333333333333
9943,967,-11717,1,3,4,25.0,-0.060325000000000004,82.0
9944,671,-3121,3,2,5,60.0,0.0024599999999999956,43.4
9945,2289,-2039,5,4,9,55.56,-0.0012555555555555592,77.0
9946,638,-4188,3,4,7,42.86,-0.025042857142857144,24.571428571428573
9955,502,1348,4,1,5,80.0,0.023,50.4
9958,880,2570,3,1,4,75.0,0.05732500000000001,36.25
1312A,381,669,2,1,3,66.67,0.014466666666666664,184.66666666666666
2002A,300,-1000,0,1,1,0.0,-0.0193,36.0
2836A,140,1860,1,0,1,100.0,0.083,320.0
2838A,597,-7147,0,2,2,0.0,-0.06584999999999999,475.5
2881A,371,-1671,0,1,1,0.0,-0.0259,1031.0
2881B,363,-863,0,1,1,0.0,-0.0138,1114.0
2882A,363,537,1,0,1,100.0,0.0087,821.0
2882B,0,0,0,0,0,0.0,,
2887E,315,-1115,0,1,1,0.0,-0.0205,1074.0
2887F,301,-1101,0,1,1,0.0,-0.0212,662.0
2888A,0,0,0,0,0,0.0,,
2888B,245,205,1,0,1,100.0,0.0049,506.0
2891B,371,-1971,0,1,1,0.0,-0.0305,666.0
2891C,358,-358,0,1,1,0.0,-0.0058,427.0
2897A,143,917,1,1,2,50.0,0.047799999999999995,383.0
3702A,0,0,0,0,0,0.0,,
5871A,582,-382,0,1,1,0.0,-0.0038,393.0
9941A,303,897,1,0,1,100.0,0.0176,409.0
1240,380,14720,1,0,1,100.0,0.2751,335.0
1258,1073,7327,4,2,6,66.67,0.03501666666666667,46.333333333333336
1259,496,5804,1,0,1,100.0,0.0725,206.0
1264,7313,-17313,3,3,6,50.0,-0.000533333333333337,100.66666666666667
1268,5102,-34102,2,5,7,28.57,-0.0319,97.85714285714286
1336,398,5952,4,0,4,100.0,0.090875,37.0
1565,17832,-129832,2,4,6,33.33,-0.032299999999999995,44.666666666666664
1569,826,5274,4,1,5,80.0,0.05552,21.0
1570,73,-2623,0,1,1,0.0,-0.1922,232.0
1580,4721,7879,4,2,6,66.67,0.03021666666666667,71.5
1584,585,1725,4,3,7,57.14,0.011942857142857144,33.285714285714285
1586,1255,-1005,2,4,6,33.33,-0.013116666666666665,81.5
1591,516,7434,3,0,3,100.0,0.09976666666666667,85.0
1593,503,8147,2,0,2,100.0,0.10250000000000001,339.0
1595,1295,15255,4,0,4,100.0,0.07327499999999999,65.0
1599,1081,17469,4,0,4,100.0,0.1028,41.75
1742,1291,13159,8,3,11,72.73,0.10370909090909092,21.272727272727273
1752,1082,-7682,2,3,5,40.0,-0.03696000000000001,95.6
1777,963,-3363,1,1,2,50.0,-0.015749999999999993,114.5
1781,1432,-7952,6,6,12,50.0,-0.016066666666666663,40.416666666666664
1784,1666,6584,5,3,8,62.5,0.019550000000000005,24.0
1785,626,6074,4,1,5,80.0,0.06078,43.4
1788,1197,14303,2,0,2,100.0,0.0743,271.5
1796,448,-11498,0,2,2,0.0,-0.13805,34.5
1799,755,1845,4,3,7,57.14,0.03382857142857143,19.0
1813,1032,-5932,3,4,7,42.86,-0.031071428571428566,159.71428571428572
1815,341,2849,3,1,4,75.0,0.051875,39.25
2035,1209,-11209,2,3,5,40.0,-0.051119999999999985,264.0
2061,1142,-6792,4,8,12,33.33,-0.02566666666666667,35.083333333333336
2063,672,6278,3,1,4,75.0,0.05525000000000001,68.75
2064,218,-3368,0,2,2,0.0,-0.08435,16.0
2065,713,2787,2,1,3,66.67,0.008133333333333334,67.0
2066,965,-15665,0,2,2,0.0,-0.09040000000000001,198.5
2067,666,-6266,1,6,7,14.29,-0.04618571428571428,35.142857142857146
2070,151,2199,1,0,1,100.0,0.0916,34.0
2221,797,4953,4,2,6,66.67,0.05354999999999999,84.0
2230,470,-1170,3,2,5,60.0,-0.007319999999999998,18.8
2235,2734,-8834,2,3,5,40.0,-0.031,57.6
2596,355,-2705,1,2,3,33.33,-0.042166666666666665,99.33333333333333
2640,1719,6881,3,1,4,75.0,0.04819999999999999,108.25
2641,126,-666,1,1,2,50.0,-0.018800000000000004,11.5
2643,1418,15632,4,1,5,80.0,0.06839999999999999,46.0
2718,480,-11830,0,3,3,0.0,-0.1196,95.33333333333333
2719,506,7244,4,0,4,100.0,0.09165,26.0
2724,440,4960,3,2,5,60.0,0.043859999999999996,43.0
2726,1310,-2660,2,3,5,40.0,0.006200000000000006,31.6
2729,9876,52124,5,2,7,71.43,0.03121428571428572,188.14285714285714
2732,4228,-12228,3,3,6,50.0,-0.013633333333333336,29.0
2734,319,6731,2,0,2,100.0,0.11349999999999999,16.0
2736,583,-9933,1,3,4,25.0,-0.07615000000000001,41.25
2740,885,-6135,2,2,4,50.0,-0.017225000000000004,41.25
2743,386,7874,4,0,4,100.0,0.140775,27.0
2745,983,-6873,4,3,7,57.14,-0.01041428571428572,46.142857142857146
2752,3120,14380,3,1,4,75.0,0.036525,27.0
2754,432,668,1,0,1,100.0,0.0092,163.0
2755,306,-6806,0,1,1,0.0,-0.1188,5.0
2916,527,-5627,1,4,5,20.0,-0.061119999999999994,97.4
2924,865,-3065,1,2,3,33.33,-0.0462,59.0
2926,3530,-63530,1,4,5,20.0,-0.08388,161.8
2937,331,2569,1,1,2,50.0,0.013500000000000005,84.0
3064,804,-13854,2,6,8,25.0,-0.08460000000000001,20.625
3066,118,122,1,1,2,50.0,0.016049999999999995,45.0
3067,152,-3852,0,1,1,0.0,-0.1337,18.0
3071,540,5040,4,1,5,80.0,0.04488,22.2
3073,301,-3581,1,4,5,20.0,-0.1076,16.8
3078,812,-3072,3,4,7,42.86,-0.02904285714285714,57.285714285714285
3081,12929,109571,5,2,7,71.43,0.05841428571428572,12.0
3083,2605,-4355,5,4,9,55.56,0.005755555555555555,39.888888888888886
3085,1001,-421,6,6,12,50.0,-0.006375,7.916666666666667
3086,228,2692,3,0,3,100.0,0.07773333333333333,77.0
3088,869,-19,2,1,3,66.67,0.02613333333333333,25.333333333333332
3089,873,-10373,2,5,7,28.57,-0.045,8.714285714285714
3092,1336,-10386,3,5,8,37.5,-0.048975,22.0
3093,609,12991,3,0,3,100.0,0.12893333333333332,133.33333333333334
3095,452,1988,5,3,8,62.5,0.0437875,12.875
3105,9223,29477,6,4,10,60.0,0.020239999999999998,14.6
3114,654,-9204,1,5,6,16.67,-0.07066666666666667,38.166666666666664
3115,227,2273,2,1,3,66.67,0.07373333333333333,71.66666666666667
3118,564,1486,2,1,3,66.67,0.024066666666666667,280.3333333333333
3122,299,501,2,1,3,66.67,0.01006666666666666,46.666666666666664
3128,321,4129,4,0,4,100.0,0.08595,14.75
3131,8895,-64395,2,4,6,33.33,-0.04121666666666667,27.0
3141,728,-4578,2,2,4,50.0,-0.0016749999999999994,26.5
3147,721,-4771,2,4,6,33.33,-0.03646666666666666,124.5
3152,13270,-108270,4,6,10,40.0,-0.015060000000000007,17.9
3162,1408,-1748,3,9,12,25.0,-0.054408333333333316,22.833333333333332
3163,2611,-9361,5,5,10,50.0,-0.005100000000000002,28.9
3169,1186,-9436,3,4,7,42.86,-0.029342857142857143,40.714285714285715
3171,0,0,0,0,0,0.0,,
3176,4149,18401,7,4,11,63.64,0.0411909090909091,24.636363636363637
3178,1269,9501,3,2,5,60.0,0.04908,30.8
3188,386,-2636,2,3,5,40.0,-0.038560000000000004,63.6
3191,956,-12036,5,5,10,50.0,-0.021630000000000003,21.9
3202,568,-5158,2,5,7,28.57,-0.04838571428571429,33.42857142857143
3205,4584,-82034,4,6,10,40.0,-0.027240000000000004,35.1
3206,908,-2558,3,4,7,42.86,-0.022885714285714287,55.714285714285715
3207,362,-4062,1,4,5,20.0,-0.06336,21.6
3211,2730,-6530,4,3,7,57.14,-0.0024571428571428583,84.28571428571429
3213,664,1236,2,1,3,66.67,0.01416666666666667,87.0
3217,2446,-796,4,4,8,50.0,-0.012587499999999995,22.125
3218,2525,35875,5,2,7,71.43,0.05447142857142857,34.57142857142857
3219,1566,-4166,2,3,5,40.0,-0.05486,10.6
3221,874,6226,4,2,6,66.67,0.040883333333333334,34.333333333333336
3224,1847,5303,6,2,8,75.0,0.030049999999999993,37.75
3226,566,-2966,1,1,2,50.0,-0.018049999999999997,78.5
3227,1906,-28706,1,3,4,25.0,-0.06785000000000001,30.75
3228,4413,53737,3,2,5,60.0,0.04,19.0
3230,211,-601,2,1,3,66.67,0.027500000000000007,28.333333333333332
3232,1033,11567,7,1,8,87.5,0.071025,15.375
3234,2043,-13643,4,6,10,40.0,-0.02100999999999999,29.3
3236,406,-1576,2,1,3,66.67,0.03563333333333333,29.0
3252,610,2440,3,2,5,60.0,0.011920000000000004,53.6
3259,1293,707,3,4,7,42.86,-0.012314285714285719,46.857142857142854
3260,1804,-25554,1,5,6,16.67,-0.06933333333333333,21.833333333333332
3264,535,8615,4,0,4,100.0,0.10139999999999999,74.75
3265,823,7427,4,1,5,80.0,0.048920000000000005,12.8
3268,780,2570,4,3,7,57.14,0.011499999999999998,47.142857142857146
3272,1333,3567,3,2,5,60.0,0.007620000000000004,22.2
3276,371,2899,4,1,5,80.0,0.059340000000000004,18.4
3284,588,2902,4,3,7,57.14,0.03428571428571429,53.57142857142857
3285,841,4959,4,2,6,66.67,0.043833333333333335,25.5
3287,362,2918,4,1,5,80.0,0.04838,27.4
3288,612,2718,4,4,8,50.0,0.0232625,33.0
3289,3215,-16515,4,4,8,50.0,-0.005375000000000001,28.25
3290,712,2338,5,3,8,62.5,0.024812500000000005,58.25
3293,8840,29460,3,3,6,50.0,-0.012299999999999997,20.833333333333332
3294,381,2269,2,1,3,66.67,0.029833333333333333,13.666666666666666
3297,738,-7688,3,2,5,60.0,0.0013399999999999996,33.6
3303,441,-9391,0,4,4,0.0,-0.11819999999999999,45.75
3306,1298,12852,5,2,7,71.43,0.06699999999999999,18.571428571428573
3310,437,-3737,2,2,4,50.0,-0.019825,24.75
3313,645,8525,4,2,6,66.67,0.06895000000000001,36.166666666666664
3317,1076,-3976,5,5,10,50.0,-0.025619999999999997,18.7
3322,470,2420,4,3,7,57.14,0.05255714285714286,23.285714285714285
3323,484,6816,3,0,3,100.0,0.08443333333333332,16.666666666666668
3324,4599,68151,7,3,10,70.0,0.03866,23.3
3325,1232,-6962,7,6,13,53.85,-0.0149,25.615384615384617
3332,0,0,0,0,0,0.0,,
3339,373,-3,2,3,5,40.0,-0.010340000000000005,20.4
3354,480,-1030,3,3,6,50.0,-0.017166666666666667,13.666666666666666
3360,1075,6675,8,3,11,72.73,0.04553636363636364,15.727272727272727
3362,1412,-1462,5,2,7,71.43,0.0025857142857142815,11.571428571428571
3363,1189,-1489,4,3,7,57.14,0.003885714285714284,54.285714285714285
3372,656,-1566,6,4,10,60.0,0.015160000000000002,33.8
3373,1245,-19395,1,5,6,16.67,-0.09566666666666668,61.0
3374,2471,2729,4,5,9,44.44,-0.01581111111111111,12.333333333333334
3379,291,7209,3,0,3,100.0,0.15096666666666667,64.66666666666667
3388,1090,-9190,1,2,3,33.33,-0.03893333333333334,315.3333333333333
3390,686,10164,4,1,5,80.0,0.09192,49.2
3402,255,-2555,1,2,3,33.33,-0.04976666666666666,16.333333333333332
3426,264,-3414,0,1,1,0.0,-0.0717,13.0
3434,100,3550,1,0,1,100.0,0.2491,4.0
3438,302,3698,1,1,2,50.0,0.06425,140.5
3441,1313,-363,5,3,8,62.5,0.022787500000000002,16.25
3444,531,-2031,2,2,4,50.0,-0.04005,20.75
3455,1927,-7677,4,4,8,50.0,-0.0117375,26.75
3465,2755,-50495,0,4,4,0.0,-0.10435,12.0
3466,631,-8131,1,4,5,20.0,-0.03865999999999999,43.0
3479,1895,-13745,2,4,6,33.33,-0.03200000000000001,43.166666666666664
3483,1608,5742,4,4,8,50.0,-0.026724999999999995,42.0
3484,1605,-1655,3,3,6,50.0,0.014033333333333333,69.83333333333333
3489,312,4288,2,1,3,66.67,0.07236666666666666,67.66666666666667
3490,1244,-1344,4,3,7,57.14,0.012571428571428572,16.714285714285715
3491,1515,5685,3,1,4,75.0,0.021699999999999997,30.5
3492,782,-3182,3,3,6,50.0,-0.018166666666666668,18.833333333333332
3498,3512,-16212,5,8,13,38.46,-0.018653846153846153,29.46153846153846
3499,369,8081,4,0,4,100.0,0.146625,66.75
3508,1876,-16326,4,5,9,44.44,-0.003933333333333338,18.333333333333332
3511,1293,-13443,2,8,10,20.0,-0.05247,23.8
3512,688,-8048,1,4,5,20.0,-0.06808,30.4
3516,612,1498,6,2,8,75.0,0.0216125,46.5
3520,2452,30948,7,1,8,87.5,0.121,8.875
3521,311,-5211,1,2,3,33.33,-0.06766666666666667,30.0
3522,1035,1605,6,3,9,66.67,0.03612222222222222,29.555555555555557
3523,628,-7918,1,5,6,16.67,-0.07798333333333334,43.5
3526,1263,19937,3,0,3,100.0,0.09906666666666668,23.666666666666668
3527,2908,-27508,1,4,5,20.0,-0.07553999999999998,20.8
3529,19079,99421,6,3,9,66.67,0.04636666666666667,15.11111111111111
3531,879,-429,4,3,7,57.14,0.0042428571428571454,83.85714285714286
3537,1095,6255,5,2,7,71.43,0.038357142857142854,34.857142857142854
3540,1084,-7134,4,5,9,44.44,-0.018544444444444443,36.666666666666664
3541,5770,-27770,7,6,13,53.85,-0.0032076923076923133,19.692307692307693
3546,3639,-1839,6,5,11,54.55,0.005554545454545454,26.09090909090909
3548,1628,-13028,3,5,8,37.5,-0.038862499999999994,57.25
3551,1328,5172,4,2,6,66.67,0.037683333333333346,43.166666666666664
3552,2496,-38496,0,3,3,0.0,-0.08956666666666667,19.0
3555,290,2230,2,1,3,66.67,0.0007666666666666632,8.333333333333334
3556,1963,3687,4,2,6,66.67,0.028016666666666662,46.166666666666664
3558,5869,-50169,3,6,9,33.33,-0.03662222222222222,62.55555555555556
3564,1203,-6903,3,2,5,60.0,0.008859999999999998,30.0
3567,375,-1275,2,1,3,66.67,0.008133333333333331,29.333333333333332
3570,2850,-7850,2,3,5,40.0,-0.009960000000000002,17.8
3577,678,3422,2,1,3,66.67,0.03613333333333334,31.0
3580,837,-937,3,3,6,50.0,-0.013533333333333333,35.5
3581,394,-3244,2,2,4,50.0,-0.0359,37.75
3587,2025,-14025,2,3,5,40.0,-0.04068,42.0
3594,814,86,3,2,5,60.0,0.03848,22.6
3597,0,0,0,0,0,0.0,,
3609,665,3535,2,2,4,50.0,0.0203,23.5
3611,5480,-66480,1,3,4,25.0,-0.0658,36.0
3615,749,951,3,4,7,42.86,0.0011571428571428577,39.0
3623,958,-11008,1,5,6,16.67,-0.07806666666666667,29.166666666666668
3624,869,-8619,2,5,7,28.57,-0.04405714285714286,36.285714285714285
3625,200,-4400,0,3,3,0.0,-0.1353,10.666666666666666
3628,719,6131,2,1,3,66.67,0.058600000000000006,147.0
3629,587,3403,2,1,3,66.67,0.04886666666666667,30.666666666666668
3630,3166,-25566,6,5,11,54.55,-0.005863636363636368,28.363636363636363
3631,1473,-973,4,4,8,50.0,0.01673749999999999,11.0
3632,992,2378,5,3,8,62.5,0.028712500000000002,28.375
3642,866,1864,5,3,8,62.5,0.02895,35.875
3646,641,-1041,2,2,4,50.0,-0.013175,45.5
3652,731,-4281,3,4,7,42.86,-0.0319,51.142857142857146
3663,770,-2070,2,3,5,40.0,-0.0022400000000000002,41.4
3664,195,-295,1,1,2,50.0,0.0006499999999999978,47.5
3666,1068,-10168,4,3,7,57.14,-0.03131428571428572,30.571428571428573
3672,610,-1210,2,2,4,50.0,-0.011800000000000005,24.75
3675,1336,6364,6,2,8,75.0,0.03265,37.75
3680,3616,-79766,1,4,5,20.0,-0.07250000000000001,18.2
3684,1950,-200,3,4,7,42.86,-0.008714285714285713,42.142857142857146
3685,1978,-13028,3,6,9,33.33,-0.029533333333333325,16.0
3687,3945,-23545,4,5,9,44.44,-0.021722222222222216,18.444444444444443
3689,1777,10823,4,1,5,80.0,0.05776,44.2
3691,17251,-159251,5,5,10,50.0,-0.004440000000000002,15.4
3693,3177,-38327,3,5,8,37.5,-0.05493749999999999,22.0
3707,1006,-10056,2,3,5,40.0,-0.0029600000000000043,15.0
3709,227,-727,1,1,2,50.0,-0.00995,42.0
3710,267,2383,4,0,4,100.0,0.080375,23.0
3713,667,6633,3,0,3,100.0,0.06536666666666667,25.0
4102,509,-5159,2,3,5,40.0,-0.04651999999999999,67.2
4105,2534,19166,4,1,5,80.0,0.04942,67.8
4107,3823,-54823,2,4,6,33.33,-0.06716666666666667,39.333333333333336
4109,822,-3872,3,4,7,42.86,-0.018242857142857147,89.0
4111,0,0,0,0,0,0.0,,
4113,676,4924,5,3,8,62.5,0.0475,51.875
4114,624,-1174,2,2,4,50.0,-0.025250000000000005,98.75
4116,296,7004,1,0,1,100.0,0.1556,14.0
4120,3042,-2492,4,4,8,50.0,-0.012687500000000004,62.0
4121,937,-1287,6,5,11,54.55,0.00025454545454545174,33.0
4123,3367,-10917,4,5,9,44.44,-0.028277777777777777,49.111111111111114
4126,2948,-36048,2,5,7,28.57,-0.06044285714285714,138.28571428571428
4127,80,-2680,0,1,1,0.0,-0.1752,17.0
4128,1351,2999,6,1,7,85.71,0.07105714285714285,67.71428571428571
4129,2104,-17604,3,5,8,37.5,-0.025275,63.0
4130,2493,1157,6,6,12,50.0,-0.0007333333333333336,45.25
4131,186,-636,1,2,3,33.33,-0.03546666666666667,7.0
4138,2345,1255,4,3,7,57.14,0.004514285714285713,51.142857142857146
4139,2373,-22573,2,6,8,25.0,-0.038512500000000005,74.625
4147,4533,-70833,1,4,5,20.0,-0.08906,34.8
4153,1619,14781,4,2,6,66.67,0.0466,32.166666666666664
4154,749,5451,3,2,5,60.0,0.04359999999999999,21.2
4157,1161,-3261,5,4,9,55.56,-0.006755555555555552,30.444444444444443
4160,797,-3847,2,3,5,40.0,-0.017080000000000005,20.4
4161,2303,-2303,3,3,6,50.0,-0.005016666666666669,49.166666666666664
4162,5053,-30653,3,4,7,42.86,-0.03887142857142857,26.285714285714285
4163,6860,-33260,5,5,10,50.0,-0.015360000000000002,53.8
4167,618,-8618,0,5,5,0.0,-0.0837,37.0
4168,3202,1998,6,5,11,54.55,0.0031636363636363646,47.0
4171,767,16283,2,1,3,66.67,0.09573333333333334,39.666666666666664
4173,1321,10129,7,1,8,87.5,0.057537500000000005,50.0
4174,9005,-18705,4,4,8,50.0,0.007412500000000002,17.25
4175,1209,4391,2,1,3,66.67,0.0277,113.33333333333333
4183,324,3426,2,1,3,66.67,0.07346666666666667,102.0
4188,121,-2571,0,1,1,0.0,-0.114,33.0
4192,1117,11233,2,3,5,40.0,0.0303,58.4
4198,616,-1076,2,3,5,40.0,-0.029200000000000004,17.8
4205,612,-15612,0,1,1,0.0,-0.1346,50.0
4207,311,-571,2,2,4,50.0,0.002325000000000004,76.0
4303,139,-199,1,1,2,50.0,0.0174,27.0
4304,234,-2234,0,4,4,0.0,-0.0847,11.5
4305,329,-6179,0,2,2,0.0,-0.106,498.5
4401,1932,-9532,2,2,4,50.0,-0.0052749999999999984,34.5
4402,271,-261,3,1,4,75.0,0.022874999999999996,19.0
4406,0,0,0,0,0,0.0,,
4413,0,0,0,0,0,0.0,,
4416,0,0,0,0,0,0.0,,
4417,916,-966,3,2,5,60.0,0.0089,118.8
4419,67,-1507,0,1,1,0.0,-0.1442,28.0
4420,1033,18417,5,1,6,83.33,0.1119,94.33333333333333
4430,1045,14805,6,0,6,100.0,0.09060000000000001,110.5
4432,2076,-16326,2,4,6,33.33,-0.05251666666666666,33.0
4433,968,15382,4,1,5,80.0,0.1102,30.0
4502,1521,7939,4,2,6,66.67,0.06010000000000001,11.5
4503,805,-8355,1,3,4,25.0,-0.040249999999999994,25.75
4506,714,3186,2,2,4,50.0,0.004424999999999998,96.0
4510,344,-6594,0,4,4,0.0,-0.1008,135.25
4513,276,-566,2,2,4,50.0,-0.015599999999999996,48.75
4523,520,3480,3,2,5,60.0,0.032279999999999996,13.6
4527,739,-10289,1,4,5,20.0,-0.06788,292.6
4528,2175,12625,6,2,8,75.0,0.05298750000000001,45.75
4529,1430,5870,7,4,11,63.64,0.015590909090909093,35.81818181818182
4530,207,953,2,1,3,66.67,0.043199999999999995,26.0
4533,299,-1699,2,2,4,50.0,-0.026649999999999993,101.5
4534,406,-5696,1,4,5,20.0,-0.09580000000000001,27.2
4535,1401,-9901,2,4,6,33.33,-0.032766666666666666,137.16666666666666
4538,380,4290,2,2,4,50.0,0.047725000000000004,246.5
4541,1349,10451,6,2,8,75.0,0.0587875,44.0
4542,437,2213,1,1,2,50.0,-0.017299999999999996,30.5
4543,97,1553,1,0,1,100.0,0.1012,50.0
4549,3574,-4074,4,3,7,57.14,0.009128571428571434,36.0
4550,338,-6088,0,3,3,0.0,-0.09833333333333334,139.33333333333334
4554,1379,-2279,3,4,7,42.86,-0.007042857142857144,31.142857142857142
4556,772,6028,3,1,4,75.0,0.046825000000000006,172.25
4561,544,4806,2,1,3,66.67,0.08203333333333333,78.66666666666667
4563,1565,15675,4,1,5,80.0,0.06355999999999999,65.4
4568,735,165,1,1,2,50.0,-0.002249999999999995,119.0
4580,0,0,0,0,0,0.0,,
4609,265,-2625,1,3,4,25.0,-0.0572,52.25
4702,537,2743,3,3,6,50.0,0.0023000000000000013,29.666666666666668
4706,93,-2043,0,1,1,0.0,-0.1184,263.0
4707,135,-525,1,1,2,50.0,-0.02135,37.5
4711,554,-54,3,3,6,50.0,0.0061333333333333335,132.83333333333334
4712,1189,-1589,5,6,11,45.45,-0.008036363636363638,16.181818181818183
4714,622,-5722,2,6,8,25.0,-0.05906250000000001,42.5
4716,833,-3323,4,6,10,40.0,-0.019329999999999993,42.5
4721,1726,22274,5,1,6,83.33,0.05496666666666667,20.666666666666668
4726,815,4135,3,2,5,60.0,0.024939999999999997,48.8
4728,3129,26621,7,3,10,70.0,0.05,38.5
4729,596,2854,5,2,7,71.43,0.043128571428571426,31.857142857142858
4735,676,1924,2,1,3,66.67,0.009966666666666665,25.333333333333332
4736,3572,-18272,2,3,5,40.0,-0.03973999999999999,46.4
4741,2604,-23824,2,5,7,28.57,-0.022271428571428574,57.0
4743,6231,-47031,6,9,15,40.0,-0.04673333333333333,27.6
4744,995,-12265,1,6,7,14.29,-0.0763,48.857142857142854
4745,4297,-36697,3,8,11,27.27,-0.05149999999999999,70.9090909090909
4747,800,-10300,1,2,3,33.33,-0.06330000000000001,114.0
4754,1516,9984,5,1,6,83.33,0.04538333333333333,70.0
4760,1542,-11842,1,3,4,25.0,-0.064,37.25
4767,268,4832,2,0,2,100.0,0.11529999999999999,96.5
4804,2011,-29531,3,7,10,30.0,-0.044070000000000005,28.6
4806,548,-10248,1,2,3,33.33,-0.04806666666666667,40.333333333333336
4903,216,4584,3,0,3,100.0,0.17813333333333334,38.0
4905,1798,-28248,1,5,6,16.67,-0.08058333333333333,78.16666666666667
4907,0,0,0,0,0,0.0,,
4908,537,5613,3,1,4,75.0,0.075,58.75
4909,1142,-3742,5,4,9,55.56,-0.008655555555555557,75.55555555555556
4911,2278,-15128,2,5,7,28.57,-0.02617142857142857,39.142857142857146
4924,258,-2258,1,2,3,33.33,-0.0405,107.66666666666667
4931,0,0,0,0,0,0.0,,
4933,3325,-28475,6,6,12,50.0,-0.012533333333333332,45.25
4939,590,-5690,1,4,5,20.0,-0.054979999999999994,52.4
4944,967,7723,6,3,9,66.67,0.05778888888888889,18.444444444444443
4945,0,0,0,0,0,0.0,,
4946,2997,1053,7,4,11,63.64,0.035036363636363636,39.18181818181818
4950,528,4222,3,2,5,60.0,0.10991999999999999,13.2
4953,953,-15453,1,1,2,50.0,-0.08894999999999999,116.0
4966,17201,-60201,4,1,5,80.0,0.07512,18.8
4971,1790,1210,3,2,5,60.0,0.012000000000000005,31.8
4972,412,-1962,1,1,2,50.0,-0.024599999999999997,84.5
4973,1096,1804,5,3,8,62.5,0.023124999999999996,31.5
4974,1671,7479,4,3,7,57.14,0.01800000000000001,33.42857142857143
4979,2297,4703,8,4,12,66.67,0.006508333333333335,16.416666666666668
4987,2517,10383,4,2,6,66.67,0.03426666666666666,114.0
4991,2608,-9008,4,4,8,50.0,-0.011274999999999997,23.625
4995,901,9349,3,1,4,75.0,0.058975,100.25
5009,643,-193,3,3,6,50.0,0.006199999999999997,54.0
5011,422,1828,2,1,3,66.67,0.019866666666666668,25.666666666666668
5013,352,198,2,1,3,66.67,0.019933333333333334,94.33333333333333
5014,389,-3339,1,3,4,25.0,-0.057725,39.0
5015,836,3314,3,2,5,60.0,0.0249,73.2
5016,978,-5428,3,3,6,50.0,-0.02351666666666667,97.33333333333333
5102,89,761,1,0,1,100.0,0.0521,217.0
5201,600,2500,2,2,4,50.0,0.038675,31.25
5202,503,6577,5,0,5,100.0,0.09846,40.8
5205,172,8,1,2,3,33.33,-0.010199999999999996,4.666666666666667
5206,769,-5779,2,7,9,22.22,-0.050444444444444445,134.22222222222223
5209,1564,16536,4,1,5,80.0,0.0669,178.0
5210,382,-7242,0,5,5,0.0,-0.12376000000000001,30.2
5211,667,-7867,2,3,5,40.0,-0.051960000000000006,34.2
5212,351,5699,2,0,2,100.0,0.1378,35.5
5213,830,7320,5,3,8,62.5,0.0530375,79.125
5220,668,-3488,2,2,4,50.0,-0.0189,90.25
5223,778,-12728,0,3,3,0.0,-0.08799999999999998,27.666666666666668
5227,826,-4076,3,2,5,60.0,0.020680000000000004,18.0
5230,1933,-12833,2,6,8,25.0,-0.053075,61.5
5245,1093,-9993,1,2,3,33.33,-0.002533333333333332,41.0
5251,890,2710,4,1,5,80.0,0.0825,49.2
5263,6288,74212,4,1,5,80.0,0.06402,13.0
5272,1996,22904,7,2,9,77.78,0.07441111111111111,19.11111111111111
5274,8587,123913,3,1,4,75.0,0.068125,20.0
5276,259,3591,2,0,2,100.0,0.08865,14.5
5278,3567,28183,4,1,5,80.0,0.06852,30.8
5281,404,-8904,0,1,1,0.0,-0.1179,21.0
5287,10422,-17922,3,4,7,42.86,-0.0087,59.142857142857146
5289,2269,15031,2,1,3,66.67,0.03456666666666667,21.0
5291,396,7504,2,1,3,66.67,0.134,24.666666666666668
5299,361,1289,3,1,4,75.0,0.046275,46.75
5301,712,2148,3,3,6,50.0,-0.0033000000000000043,27.333333333333332
5302,345,-2705,1,5,6,16.67,-0.06316666666666666,25.166666666666668
5306,5493,2007,4,3,7,57.14,0.009257142857142854,44.857142857142854
5309,835,3935,6,4,10,60.0,0.04043,17.3
5310,675,8075,2,1,3,66.67,0.0534,67.66666666666667
5312,1911,-23411,1,3,4,25.0,-0.06432500000000001,128.75
5314,187,-1147,1,2,3,33.33,-0.057466666666666666,42.333333333333336
5315,286,-1586,1,3,4,25.0,-0.08404999999999999,51.0
5321,240,-2210,1,1,2,50.0,-0.02005,6.5
5324,416,1664,4,2,6,66.67,0.02619999999999999,46.0
5328,639,-1809,5,5,10,50.0,-0.0003499999999999986,32.0
5340,1012,-6022,4,3,7,57.14,0.027014285714285716,44.57142857142857
5344,250,3900,2,1,3,66.67,0.09213333333333334,8.0
5345,57,1333,1,0,1,100.0,0.3151,3.0
5347,2140,-6840,3,2,5,60.0,0.02172000000000001,25.4
5348,74,176,1,0,1,100.0,0.0156,27.0
5351,307,663,2,2,4,50.0,0.010599999999999998,22.5
5353,243,-963,2,1,3,66.67,0.008633333333333335,51.666666666666664
5355,426,-3296,2,5,7,28.57,-0.05172857142857142,57.285714285714285
5356,1598,-8948,3,5,8,37.5,-0.0104625,52.25
5364,373,-10173,1,1,2,50.0,-0.07595,19.0
5371,633,-3533,1,2,3,33.33,-0.02576666666666666,58.0
5381,342,-152,4,3,7,57.14,0.0024000000000000015,15.0
5383,651,8279,7,1,8,87.5,0.0811,39.875
5386,0,0,0,0,0,0.0,,
5392,1838,23762,6,1,7,85.71,0.07361428571428573,66.0
5398,1774,5226,5,6,11,45.45,0.032336363636363635,12.727272727272727
5403,1449,26501,6,0,6,100.0,0.11325,89.83333333333333
5410,563,6387,5,1,6,83.33,0.06768333333333333,104.66666666666667
5425,1810,-15260,5,4,9,55.56,-0.01605555555555556,28.444444444444443
5426,550,1100,4,3,7,57.14,0.02114285714285714,78.42857142857143
5432,187,-1137,1,1,2,50.0,-0.03245000000000001,29.0
5438,400,-7250,0,5,5,0.0,-0.10358,60.6
5439,1049,-4399,2,3,5,40.0,-0.011180000000000004,89.0
5443,489,-2439,2,2,4,50.0,-0.001899999999999999,50.5
5450,721,-3691,3,5,8,37.5,-0.0326875,27.0
5452,356,34,2,3,5,40.0,0.00194,65.4
5455,261,5819,3,0,3,100.0,0.13626666666666667,8.666666666666666
5457,926,4074,4,1,5,80.0,0.07056,22.2
5460,336,-1086,2,2,4,50.0,-0.01335,53.25
5464,408,2142,3,1,4,75.0,0.015175000000000001,18.0
5465,255,-5205,0,3,3,0.0,-0.11196666666666667,70.66666666666667
5468,180,3220,2,0,2,100.0,0.11885,12.5
5474,3780,26220,7,2,9,77.78,0.08162222222222221,27.444444444444443
5475,213,-2053,1,3,4,25.0,-0.12355000000000001,32.0
5478,3702,17898,5,3,8,62.5,0.04055,27.625
5481,816,6944,7,2,9,77.78,0.04449999999999999,20.22222222222222
5483,2505,12145,5,1,6,83.33,0.08503333333333334,23.833333333333332
5487,445,7455,2,0,2,100.0,0.107,10.0
5488,116,-1136,0,2,2,0.0,-0.08685,27.0
5489,932,9268,2,1,3,66.67,0.043166666666666666,80.0
5490,2484,-34234,2,8,10,20.0,-0.06018,23.8
5493,161,-3061,0,1,1,0.0,-0.1027,162.0
5498,518,1692,5,2,7,71.43,0.01761428571428571,38.857142857142854
5508,2556,-17756,3,6,9,33.33,-0.033944444444444444,121.88888888888889
5511,844,8706,5,0,5,100.0,0.06396,116.4
5512,280,-2040,1,3,4,25.0,-0.054325,108.25
5514,330,1270,2,1,3,66.67,0.014533333333333334,15.0
5516,145,-2245,0,2,2,0.0,-0.09455,105.5
5520,306,-806,1,1,2,50.0,-0.014100000000000001,187.0
5523,505,6975,4,2,6,66.67,0.07751666666666666,40.333333333333336
5529,510,-2690,2,6,8,25.0,-0.034362500000000004,30.75
5530,2656,-13356,2,5,7,28.57,-0.028485714285714288,135.85714285714286
5536,3360,19140,2,2,4,50.0,0.005100000000000004,119.5
5543,0,0,0,0,0,0.0,,
5601,144,-1144,0,1,1,0.0,-0.0453,71.0
5603,486,-6736,1,5,6,16.67,-0.06856666666666666,86.16666666666667
5604,1202,1348,2,3,5,40.0,-0.017220000000000003,164.2
5609,451,3449,3,1,4,75.0,0.046775,127.0
5701,297,443,3,3,6,50.0,0.0176,9.166666666666666
5703,135,2465,1,0,1,100.0,0.1168,17.0
5704,665,4835,3,1,4,75.0,0.042325,43.5
5820,264,3036,4,0,4,100.0,0.095725,62.0
5864,61,-711,0,1,1,0.0,-0.0948,497.0
5878,259,4541,1,0,1,100.0,0.1116,2.0
5902,497,803,2,2,4,50.0,0.0032499999999999994,27.0
5903,6456,8044,3,2,5,60.0,0.0115,115.0
5904,22338,-78838,4,6,10,40.0,-0.02202,37.1
5905,196,-3336,0,3,3,0.0,-0.11889999999999999,206.33333333333334
6015,376,604,4,2,6,66.67,0.018966666666666666,57.666666666666664
6016,637,2653,7,3,10,70.0,0.03134,55.7
6020,278,-628,1,2,3,33.33,-0.030000000000000002,188.0
6021,519,5591,6,1,7,85.71,0.08812857142857143,46.285714285714285
6023,1067,633,2,2,4,50.0,0.013549999999999998,286.5
6026,219,571,2,1,3,66.67,0.0039666666666666696,73.0
6101,982,-2832,2,5,7,28.57,-0.03398571428571429,20.285714285714285
6103,241,-1551,3,1,4,75.0,0.018299999999999997,10.25
6104,1187,-137,3,3,6,50.0,-0.014433333333333331,55.333333333333336
6109,453,37,3,3,6,50.0,0.0058666666666666685,42.333333333333336
6111,3282,21218,5,2,7,71.43,0.04127142857142857,25.0
6113,195,-1765,1,2,3,33.33,-0.06033333333333333,72.66666666666667
6114,1164,-3314,2,3,5,40.0,-0.027479999999999997,19.4
6118,264,-1534,2,2,4,50.0,-0.03395000000000001,39.25
6121,4147,-54847,1,4,5,20.0,-0.057179999999999995,45.6
6122,74,1226,1,0,1,100.0,0.1214,67.0
6123,1049,-11449,2,3,5,40.0,-0.045239999999999995,39.2
6124,703,-4403,3,2,5,60.0,-0.026619999999999994,6.0
6125,429,1131,2,2,4,50.0,-0.012474999999999993,58.5
6126,443,707,2,2,4,50.0,0.012150000000000001,46.0
6127,751,-3251,4,4,8,50.0,-0.0038375000000000076,29.625
6129,343,-4683,2,2,4,50.0,-0.04977499999999999,23.0
6130,1913,-20263,3,3,6,50.0,-0.021750000000000002,15.166666666666666
6134,581,-2681,4,5,9,44.44,-0.016866666666666676,50.666666666666664
6138,790,2760,2,1,3,66.67,0.03616666666666667,17.0
6140,76,224,1,0,1,100.0,0.0189,36.0
6143,2052,-2702,4,3,7,57.14,0.012971428571428573,38.57142857142857
6144,147,783,1,1,2,50.0,0.05845,4.0
6146,6468,27932,5,2,7,71.43,0.03745714285714286,68.0
6147,1355,8445,3,1,4,75.0,0.028725,39.0
6148,425,2355,4,2,6,66.67,0.014633333333333337,42.166666666666664
6150,1823,11577,2,2,4,50.0,0.020149999999999998,13.0
6151,668,-1318,2,3,5,40.0,-0.02182,215.0
6154,321,-5721,0,3,3,0.0,-0.0968,252.33333333333334
6156,397,233,3,2,5,60.0,-0.0011999999999999984,8.0
6158,796,4304,5,3,8,62.5,0.010887499999999998,47.625
6160,861,2489,5,2,7,71.43,0.03201428571428572,34.142857142857146
6161,225,-1945,1,2,3,33.33,-0.036333333333333336,17.333333333333332
6163,616,284,4,3,7,57.14,0.003042857142857145,78.14285714285714
6167,316,-196,3,2,5,60.0,-0.011680000000000001,32.2
6169,845,-1595,4,3,7,57.14,0.006557142857142857,18.0
6170,147,2393,2,0,2,100.0,0.1159,71.5
6171,384,3466,3,1,4,75.0,0.048674999999999996,87.0
6173,983,-923,1,3,4,25.0,-0.036000000000000004,28.0
6174,666,-4966,2,4,6,33.33,-0.0299,56.0
6175,1055,95,4,4,8,50.0,0.0003499999999999996,28.375
6179,695,1895,2,2,4,50.0,-0.0015500000000000028,38.0
6180,1817,8383,5,2,7,71.43,0.031471428571428574,65.14285714285714
6182,1004,-7284,4,4,8,50.0,-0.019637500000000002,15.375
6185,537,-12537,0,5,5,0.0,-0.10746,33.2
6186,1319,-7769,4,5,9,44.44,-0.03286666666666666,47.44444444444444
6187,1821,-23971,1,6,7,14.29,-0.08122857142857143,19.285714285714285
6188,1318,18332,6,1,7,85.71,0.09897142857142857,31.285714285714285
6190,385,1225,4,1,5,80.0,0.04222,25.6
6194,341,259,2,1,3,66.67,0.024899999999999995,103.33333333333333
6195,3542,-44092,2,9,11,18.18,-0.059409090909090904,44.36363636363637
6198,191,3959,2,0,2,100.0,0.13425,44.0
6199,206,-4406,0,2,2,0.0,-0.1172,28.5
6203,1312,-21962,1,4,5,20.0,-0.08015999999999998,22.8
6204,1278,-2578,2,1,3,66.67,0.011366666666666669,53.333333333333336
6207,1180,1920,5,3,8,62.5,0.01743750000000001,61.25
6208,493,5157,2,1,3,66.67,0.031933333333333334,40.666666666666664
6210,1164,486,3,2,5,60.0,0.008480000000000001,101.8
6212,0,0,0,0,0,0.0,,
6217,979,2371,3,2,5,60.0,0.0166,38.0
6218,475,1875,3,1,4,75.0,0.029675,33.5
6219,188,-1138,1,1,2,50.0,-0.016050000000000002,40.5
6220,1626,-1376,5,4,9,55.56,0.008955555555555557,21.555555555555557
6221,607,-6307,1,2,3,33.33,-0.0358,40.333333333333336
6222,318,-1268,2,2,4,50.0,-0.024250000000000004,11.25
6223,1953,-23953,2,3,5,40.0,-0.05414,30.0
6227,908,11092,7,0,7,100.0,0.07769999999999999,46.285714285714285
6228,361,-2681,1,5,6,16.67,-0.05726666666666666,14.5
6229,407,2443,2,1,3,66.67,0.007833333333333331,30.666666666666668
6231,2483,667,4,4,8,50.0,0.0045000000000000005,15.125
6233,489,3961,4,1,5,80.0,0.0442,25.2
6234,585,1165,3,2,5,60.0,0.024560000000000002,49.2
6236,0,0,0,0,0,0.0,,
6237,1169,-7319,2,3,5,40.0,-0.07334,10.2
6240,0,0,0,0,0,0.0,,
6241,1024,8916,5,3,8,62.5,0.0317,83.75
6242,555,-10405,0,2,2,0.0,-0.10264999999999999,68.0
6244,2676,10784,9,7,16,56.25,0.0024750000000000006,41.9375
6245,771,9979,3,0,3,100.0,0.08053333333333333,24.0
6246,973,9667,7,4,11,63.64,0.05340909090909091,23.545454545454547
6247,358,-1588,2,3,5,40.0,-0.0217,120.8
6248,533,6177,2,2,4,50.0,0.03915,11.25
6259,640,-5840,1,4,5,20.0,-0.07446,10.4
6261,1684,17466,5,1,6,83.33,0.06516666666666666,130.66666666666666
6263,1627,26923,6,0,6,100.0,0.10406666666666665,67.0
6264,260,-350,2,2,4,50.0,-0.011224999999999999,57.5
6265,255,-185,2,2,4,50.0,-0.03035,52.25
6266,498,1152,4,1,5,80.0,0.037059999999999996,38.2
6270,224,-5324,0,3,3,0.0,-0.13406666666666667,26.333333333333332
6274,3197,3703,5,2,7,71.43,0.023371428571428574,13.285714285714286
6275,339,-289,2,2,4,50.0,-0.0012000000000000031,16.0
6276,390,4450,3,1,4,75.0,0.057025,20.0
6279,4613,-3413,4,3,7,57.14,0.013742857142857145,52.857142857142854
6284,2067,-4017,5,4,9,55.56,-0.006744444444444446,28.22222222222222
6287,282,2088,4,1,5,80.0,0.127,24.2
6290,1483,-13733,2,5,7,28.57,-0.04301428571428571,18.571428571428573
6291,0,0,0,0,0,0.0,,
6292,519,1831,2,1,3,66.67,0.027566666666666666,71.0
6294,1645,-14445,1,3,4,25.0,-0.06330000000000001,34.25
6404,515,-5775,2,3,5,40.0,-0.010339999999999998,15.0
6411,1501,-20201,1,1,2,50.0,-0.012299999999999998,15.0
6417,439,7261,2,0,2,100.0,0.10505,86.0
6418,824,-3314,3,5,8,37.5,-0.022075,53.625
6419,467,-4927,2,3,5,40.0,-0.04652,49.6
6425,821,579,3,1,4,75.0,0.021625,11.25
6426,4374,-22724,5,5,10,50.0,-0.003939999999999994,11.6
6432,697,-6647,1,3,4,25.0,-0.05740000000000001,27.5
6435,1318,19182,2,0,2,100.0,0.091,13.5
6441,1950,-21030,2,3,5,40.0,-0.0603,14.8
6446,2189,36611,3,0,3,100.0,0.11259999999999999,34.666666666666664
6457,537,1363,2,1,3,66.67,0.01753333333333333,241.33333333333334
6461,1181,-6651,3,3,6,50.0,0.011116666666666658,35.166666666666664
6462,4369,4631,3,2,5,60.0,-0.0010800000000000017,13.2
6465,529,-729,1,1,2,50.0,0.022899999999999997,34.0
6469,438,-8438,0,1,1,0.0,-0.1043,201.0
6470,1481,-14931,2,4,6,33.33,-0.06016666666666667,66.66666666666667
6472,2843,9657,2,1,3,66.67,0.027300000000000005,56.0
6482,396,6504,1,0,1,100.0,0.1039,5.0
6485,1942,-34442,2,6,8,25.0,-0.078875,42.25
6486,670,1380,1,1,2,50.0,-0.009649999999999999,32.5
6488,7955,-45455,3,1,4,75.0,0.031,26.0
6492,1896,-4296,1,2,3,33.33,-0.056933333333333336,60.0
6494,861,11439,3,1,4,75.0,0.08085,51.75
6496,802,12398,2,0,2,100.0,0.10025,45.0
6499,1267,16183,2,1,3,66.67,0.06723333333333333,12.333333333333334
6506,511,4139,4,1,5,80.0,0.047479999999999994,89.2
6508,664,4386,3,1,4,75.0,0.046475,91.5
6509,545,2405,2,1,3,66.67,0.016199999999999996,48.0
6510,28839,270161,4,2,6,66.67,0.06793333333333333,28.666666666666668
6512,857,-9257,1,4,5,20.0,-0.07218,32.2
6514,1585,-8285,2,4,6,33.33,-0.025399999999999995,44.166666666666664
6516,2082,27418,2,0,2,100.0,0.09469999999999999,67.5
6523,0,0,0,0,0,0.0,,
6527,822,-18722,0,3,3,0.0,-0.11936666666666668,137.0
6530,291,4869,3,0,3,100.0,0.111,93.33333333333333
6532,1078,12422,3,1,4,75.0,0.094,13.0
6535,389,-839,1,1,2,50.0,0.003050000000000004,16.0
6538,3346,6854,2,2,4,50.0,0.0035250000000000004,32.75
6542,1426,3774,2,2,4,50.0,0.012999999999999998,28.75
6547,2775,-6575,1,2,3,33.33,0.0667,70.33333333333333
6548,2609,-30509,1,1,2,50.0,0.001899999999999999,23.5
6556,279,3531,1,0,1,100.0,0.079,211.0
6560,1450,-22450,0,5,5,0.0,-0.0865,31.8
6561,2847,-46347,0,2,2,0.0,-0.0872,93.5
6568,6069,-96569,2,5,7,28.57,-0.0678,11.285714285714286
6569,1021,-19521,0,1,1,0.0,-0.1036,32.0
6570,953,-853,3,2,5,60.0,-0.002400000000000002,44.6
6574,0,0,0,0,0,0.0,,
6576,1541,-12181,1,3,4,25.0,-0.049449999999999994,39.75
6577,1347,-17547,1,3,4,25.0,-0.06770000000000001,51.25
6578,112,-1112,0,1,1,0.0,-0.0559,95.0
6588,0,0,0,0,0,0.0,,
6589,1732,9718,3,2,5,60.0,0.029259999999999998,17.2
6590,0,0,0,0,0,0.0,,
6593,344,-844,1,1,2,50.0,-0.005649999999999995,32.0
6594,340,4960,2,0,2,100.0,0.09075,20.5
6596,307,-2507,0,1,1,0.0,-0.0463,10.0
6603,444,-644,3,3,6,50.0,-0.0035499999999999976,50.833333333333336
6609,598,3152,3,1,4,75.0,0.044725,73.0
6612,0,0,0,0,0,0.0,,
6613,3473,-2973,2,2,4,50.0,-0.0007999999999999952,114.5
6615,365,-6265,0,1,1,0.0,-0.0936,63.0
6616,205,-3155,0,2,2,0.0,-0.08349999999999999,21.0
6624,198,1552,1,0,1,100.0,0.0477,12.0
6629,953,1247,2,1,3,66.67,0.016833333333333336,49.333333333333336
6640,460,-2910,1,1,2,50.0,-0.039549999999999995,33.0
6642,347,-7247,0,1,1,0.0,-0.1124,46.0
6643,0,0,0,0,0,0.0,,
6649,181,2619,1,0,1,100.0,0.0903,42.0
6651,0,0,0,0,0,0.0,,
6654,778,-378,1,1,2,50.0,-0.0018499999999999975,56.0
6661,0,0,0,0,0,0.0,,
6662,198,2052,1,0,1,100.0,0.0642,61.0
6664,361,5339,1,0,1,100.0,0.0933,71.0
6667,340,-4940,0,1,1,0.0,-0.0802,7.0
6679,1739,-26239,0,1,1,0.0,-0.083,30.0
6680,294,1506,1,0,1,100.0,0.0307,221.0
6683,3177,4823,1,1,2,50.0,0.019049999999999997,12.0
6690,1371,-4871,1,1,2,50.0,-0.01165,78.5
6697,223,-4423,0,1,1,0.0,-0.1071,39.0
6703,0,0,0,0,0,0.0,,
6712,1959,-33959,0,1,1,0.0,-0.0946,3.0
6716,0,0,0,0,0,0.0,,
6727,392,-1692,0,1,1,0.0,-0.025,2.0
6728,0,0,0,0,0,0.0,,
6732,2717,30283,1,0,1,100.0,0.0689,16.0
6733,143,-3293,0,1,1,0.0,-0.1224,57.0
6747,0,0,0,0,0,0.0,,
6751,339,1261,1,0,1,100.0,0.0222,27.0
6752,326,1074,1,0,1,100.0,0.0197,155.0
6762,0,0,0,0,0,0.0,,
6767,0,0,0,0,0,0.0,,
6803,1937,3563,1,1,2,50.0,0.016250000000000007,301.5
7402,955,-4055,2,2,4,50.0,-0.025975,42.25
7556,697,-17697,0,1,1,0.0,-0.1341,4.0
8024,449,-1489,3,3,6,50.0,-0.018700000000000005,24.333333333333332
8027,1479,3971,5,1,6,83.33,0.04983333333333332,30.666666666666668
8032,632,12018,4,0,4,100.0,0.12637500000000002,124.5
8034,703,5127,6,3,9,66.67,0.03641111111111111,25.22222222222222
8038,1990,3310,4,3,7,57.14,0.014457142857142852,33.0
8040,324,-1684,0,2,2,0.0,-0.056350000000000004,3.5
8042,1819,-13819,3,5,8,37.5,-0.026424999999999994,52.75
8043,770,-7520,2,3,5,40.0,-0.0492,27.2
8044,11940,-16940,5,5,10,50.0,-0.003519999999999999,18.4
8047,78,672,1,0,1,100.0,0.0562,34.0
8048,385,-85,1,1,2,50.0,0.0165,53.5
8049,628,5832,5,1,6,83.33,0.05741666666666667,28.333333333333332
8050,1397,-3297,2,3,5,40.0,0.0006800000000000029,75.8
8054,571,-11471,1,3,4,25.0,-0.086775,66.25
8059,561,89,4,3,7,57.14,0.013485714285714281,24.285714285714285
8064,443,1597,4,1,5,80.0,0.04738,17.0
8066,3431,14069,4,2,6,66.67,0.03411666666666666,42.666666666666664
8067,0,0,0,0,0,0.0,,
8068,576,-1776,2,4,6,33.33,-0.028833333333333336,7.0
8069,892,-10742,2,5,7,28.57,-0.07878571428571428,24.0
8071,525,-375,4,2,6,66.67,0.017583333333333333,18.166666666666668
8074,984,-4734,3,4,7,42.86,-0.027657142857142856,63.42857142857143
8076,1649,2651,2,1,3,66.67,0.031933333333333334,17.666666666666668
8077,0,0,0,0,0,0.0,,
8080,745,-9595,2,6,8,25.0,-0.045412499999999995,22.375
8083,7315,-9915,4,5,9,44.44,-0.0016555555555555568,112.66666666666667
8084,1988,5562,4,4,8,50.0,0.003774999999999997,28.875
8085,421,689,4,3,7,57.14,-0.009499999999999996,31.714285714285715
8086,2682,-30582,2,4,6,33.33,-0.04783333333333334,24.666666666666668
8087,126,-2016,0,2,2,0.0,-0.11665,27.5
8088,1039,5311,6,3,9,66.67,0.044888888888888895,18.11111111111111
8089,232,-4432,0,1,1,0.0,-0.1036,30.0
8091,1350,5750,3,1,4,75.0,0.028525000000000002,90.75
8092,298,-2068,2,2,4,50.0,-0.022475,53.5
8093,491,1299,6,2,8,75.0,0.032200000000000006,35.875
8096,557,-1067,4,3,7,57.14,0.014842857142857133,37.57142857142857
8097,229,1701,2,1,3,66.67,0.04413333333333333,34.666666666666664
8099,885,11515,6,1,7,85.71,0.07414285714285715,30.857142857142858
8107,648,-3298,3,3,6,50.0,-0.0258,22.166666666666668
8109,2691,22859,6,1,7,85.71,0.05951428571428571,165.85714285714286
8111,227,3973,3,0,3,100.0,0.1495,14.0
8121,897,13933,7,1,8,87.5,0.10189999999999999,14.625
8147,944,-2494,2,3,5,40.0,0.0009199999999999986,29.4
8155,2697,-18747,4,4,8,50.0,-0.017575,19.0
8171,984,-10924,4,8,12,33.33,-0.05664166666666667,24.25
8176,434,-2074,3,3,6,50.0,-0.018316666666666665,53.833333333333336
8182,673,-4223,3,3,6,50.0,-0.02455,47.0
8183,279,1941,3,1,4,75.0,0.0476,27.0
8234,450,1200,2,1,3,66.67,0.0214,27.333333333333332
8240,1705,5445,6,4,10,60.0,0.04085,51.1
8255,5125,63475,7,1,8,87.5,0.07645,75.5
8277,517,1453,4,3,7,57.14,0.026828571428571424,34.142857142857146
8279,1884,-46884,0,3,3,0.0,-0.13016666666666668,49.666666666666664
8284,1244,13446,3,1,4,75.0,0.06755,193.75
8289,300,570,3,1,4,75.0,0.0069749999999999986,50.5
8291,115,425,1,1,2,50.0,0.01765,23.0
8299,11716,-6216,4,3,7,57.14,0.01157142857142857,52.285714285714285
8342,890,10210,2,1,3,66.67,0.07619999999999999,150.0
8349,4601,-18701,6,5,11,54.55,-0.003918181818181821,34.81818181818182
8354,445,-3095,2,3,5,40.0,-0.04548,171.6
8358,1360,-5650,2,3,5,40.0,-0.030779999999999995,40.6
8383,1140,-2590,3,3,6,50.0,0.0035333333333333328,116.5
8390,684,-4784,3,3,6,50.0,-0.02438333333333333,34.333333333333336
8401,437,4363,4,1,5,80.0,0.056940000000000004,106.0
8403,850,5300,3,1,4,75.0,0.04585,90.25
8409,1541,13259,4,4,8,50.0,0.0395875,41.625
8410,850,-8550,1,3,4,25.0,-0.059575,88.75
8415,0,0,0,0,0,0.0,,
8416,1304,-23804,0,2,2,0.0,-0.0984,62.5
8418,820,-9930,2,6,8,25.0,-0.05155,49.5
8420,480,-3430,2,2,4,50.0,-0.024375000000000004,83.5
8421,389,3211,3,1,4,75.0,0.058875,37.5
8423,338,-2838,1,2,3,33.33,-0.05843333333333334,45.333333333333336
8424,716,-6866,1,2,3,33.33,-0.033499999999999995,262.3333333333333
8426,1276,-12076,3,3,6,50.0,-0.02701666666666667,56.0
8431,2623,3477,4,4,8,50.0,0.01145,31.375
8432,1952,-6252,2,3,5,40.0,-0.02264,63.0
8433,3664,-33464,3,6,9,33.33,-0.05887777777777777,74.33333333333333
8435,1180,3270,2,2,4,50.0,0.01602499999999999,151.25
8436,9526,-65026,2,4,6,33.33,-0.04753333333333334,19.166666666666668
8437,4083,-54583,1,3,4,25.0,-0.06937499999999999,134.0
8440,904,1756,6,2,8,75.0,0.039674999999999995,67.375
8444,784,-14784,0,1,1,0.0,-0.1023,132.0
8446,3651,41949,5,1,6,83.33,0.08178333333333333,64.66666666666667
8450,2070,-28370,3,4,7,42.86,-0.04787142857142858,71.14285714285714
8455,319,2581,2,0,2,100.0,0.0532,2.5
8472,1456,-6256,2,4,6,33.33,-0.0395,43.833333333333336
8476,580,820,2,1,3,66.67,0.03383333333333333,60.666666666666664
8477,1400,-550,3,3,6,50.0,0.006966666666666663,33.333333333333336
8489,2057,-10207,2,2,4,50.0,-0.028300000000000006,21.25
8905,942,308,4,3,7,57.14,0.008571428571428572,73.42857142857143
8906,89,-2189,0,1,1,0.0,-0.1311,3.0
8908,0,0,0,0,0,0.0,,
8916,1080,4670,4,1,5,80.0,0.03542,37.2
8917,591,1109,1,1,2,50.0,0.009649999999999999,562.5
8921,301,249,1,2,3,33.33,0.003766666666666668,105.33333333333333
8923,191,2659,2,0,2,100.0,0.08855,61.5
8924,2156,-5156,3,2,5,60.0,-0.002639999999999998,51.8
8927,368,-2968,1,4,5,20.0,-0.03872000000000001,92.8
8928,801,-5951,2,3,5,40.0,-0.029720000000000003,33.8
8929,1099,-6299,3,3,6,50.0,-0.02178333333333333,46.166666666666664
8930,158,-658,1,1,2,50.0,-0.030599999999999995,112.5
8931,520,5080,2,1,3,66.67,0.06323333333333332,31.666666666666668
8932,384,666,2,2,4,50.0,0.024924999999999996,23.75
8933,677,-2947,4,5,9,44.44,-0.020500000000000004,33.55555555555556
8935,434,1966,4,3,7,57.14,0.05622857142857142,71.14285714285714
8936,811,-8361,2,4,6,33.33,-0.03261666666666667,31.666666666666668
8937,928,2822,7,4,11,63.64,0.023463636363636364,67.45454545454545
8938,660,-15460,0,4,4,0.0,-0.12125,80.75
8941,1349,-12349,1,4,5,20.0,-0.0413,18.0
8942,1200,-27700,0,3,3,0.0,-0.121,158.0
9949,532,758,4,3,7,57.14,0.017471428571428572,118.85714285714286
9950,516,-10016,1,4,5,20.0,-0.08739999999999999,78.2
9951,5556,-21056,4,5,9,44.44,-0.023955555555555556,69.66666666666667
9960,403,-1603,2,1,3,66.67,-0.009833333333333335,43.333333333333336
9962,194,-1584,1,2,3,33.33,-0.05113333333333333,46.333333333333336
8916A,0,0,0,0,0,0.0,,
4148,1301,-21801,1,4,5,20.0,-0.07898,31.4
6781,0,0,0,0,0,0.0,,
6776,245,1305,1,0,1,100.0,0.0321,136.0
2211,0,0,0,0,0,0.0,,
6768,0,0,0,0,0,0.0,,
3357,1602,-23682,1,4,5,20.0,-0.06048,38.0
6741,1705,-26205,0,2,2,0.0,-0.08560000000000001,24.5
2250,672,16328,1,0,1,100.0,0.1601,13.0
5236,652,-11152,0,1,1,0.0,-0.0933,53.0
1522A,260,340,1,0,1,100.0,0.0077,204.0
6684,677,-15677,0,1,1,0.0,-0.1234,5.0
2753,0,0,0,0,0,0.0,,
2348A,0,0,0,0,0,0.0,,
6790,0,0,0,0,0,0.0,,
6788,0,0,0,0,0,0.0,,
2947,0,0,0,0,0,0.0,,
4440,0,0,0,0,0,0.0,,
5222,1564,-10784,2,3,5,40.0,-0.008739999999999993,16.8
2881C,348,-648,0,1,1,0.0,-0.0109,37.0
6761,631,-10631,0,1,1,0.0,-0.092,32.0
6806,0,0,0,0,0,0.0,,
2945,0,0,0,0,0,0.0,,
6770,301,-4501,0,1,1,0.0,-0.0826,110.0
6792,561,-3461,0,1,1,0.0,-0.0353,1.0
4770,0,0,0,0,0,0.0,,
2883B,0,0,0,0,0,0.0,,
6691,0,0,0,0,0,0.0,,
3592,864,11566,2,0,2,100.0,0.08715,75.0
6719,0,0,0,0,0,0.0,,
2756,0,0,0,0,0,0.0,,
5244,370,1210,2,3,5,40.0,-0.012399999999999991,55.0
6693,0,0,0,0,0,0.0,,
8112A,0,0,0,0,0,0.0,,
8438,602,-7402,1,3,4,25.0,-0.0561,170.5
6829,0,0,0,0,0,0.0,,
4923,0,0,0,0,0,0.0,,
6763,0,0,0,0,0,0.0,,
4558,479,28751,3,1,4,75.0,0.43827499999999997,551.25
3349,0,0,0,0,0,0.0,,
6804,0,0,0,0,0,0.0,,
4768,0,0,0,0,0,0.0,,
6807,0,0,0,0,0,0.0,,
6721,0,0,0,0,0,0.0,,
6735,0,0,0,0,0,0.0,,
4583,0,0,0,0,0,0.0,,
6799,0,0,0,0,0,0.0,,
6585,332,-11532,0,1,1,0.0,-0.1767,126.0
5228,361,-8011,0,3,3,0.0,-0.1178,70.33333333333333
6546,244,-264,1,1,2,50.0,-0.005749999999999998,32.5
6796,0,0,0,0,0,0.0,,
6550,161,-8051,0,1,1,0.0,-0.2404,14.0
