代號,總成本,總損益(淨),獲利次數,損失次數,總交易次數,勝率%,平均報酬,平均持倉時間(日)
1101,4126,-18716,11,11,22,50.0,-0.00583181818181818,81.77272727272727
1102,3890,-10670,10,9,19,52.63,-0.0005631578947368385,57.8421052631579
1103,1176,4154,7,4,11,63.64,0.021181818181818187,49.18181818181818
1104,1464,-3894,6,6,12,50.0,0.00025833333333333437,83.91666666666667
1108,814,-4664,4,8,12,33.33,-0.040516666666666666,32.0
1109,954,1606,7,4,11,63.64,0.02098181818181818,97.18181818181819
1110,778,202,5,4,9,55.56,0.005033333333333336,107.22222222222223
1201,3481,-20091,9,11,20,45.0,-0.01578999999999999,42.35
1203,2357,13583,14,4,18,77.78,0.04925,89.22222222222223
1210,2385,7505,8,5,13,61.54,0.01703076923076923,42.15384615384615
1213,1418,15332,11,2,13,84.62,0.0627076923076923,48.23076923076923
1215,3174,13396,12,4,16,75.0,0.03823125,85.375
1216,4750,90,11,7,18,61.11,0.018977777777777777,55.77777777777778
1217,1065,-1015,7,8,15,46.67,-0.013633333333333334,54.06666666666667
1218,1954,56,10,10,20,50.0,-0.0062850000000000015,26.95
1219,946,-1556,5,6,11,45.45,-0.015999999999999997,155.9090909090909
1220,928,-3868,5,8,13,38.46,-0.029876923076923075,130.76923076923077
1225,4537,-6967,13,9,22,59.09,0.011304545454545454,45.5
1227,5449,-19229,9,7,16,56.25,0.006581250000000005,38.5625
1229,3484,8106,11,9,20,55.0,0.004105000000000002,92.45
1231,4070,-8770,12,9,21,57.14,0.008309523809523812,57.904761904761905
1232,6798,23022,12,6,18,66.67,0.02735,117.22222222222223
1233,2430,-14460,4,8,12,33.33,-0.03324166666666666,175.75
1234,2406,-4676,8,7,15,53.33,0.002860000000000004,108.73333333333333
1235,3432,17248,14,6,20,70.0,0.033990000000000006,53.35
1236,1770,-20,9,7,16,56.25,0.006650000000000003,74.0
1256,9618,78232,6,2,8,75.0,0.043925000000000006,51.5
1301,8763,-613,10,10,20,50.0,-0.005849999999999994,76.4
1303,7549,53161,15,5,20,75.0,0.043930000000000004,72.35
1304,2020,2660,11,6,17,64.71,0.02343529411764706,28.58823529411765
1305,2521,-8281,11,11,22,50.0,-0.006127272727272726,31.181818181818183
1307,2871,-3071,9,8,17,52.94,2.3529411764710637e-05,57.470588235294116
1308,1941,8179,9,4,13,69.23,0.032469230769230764,55.46153846153846
1309,1672,1468,8,9,17,47.06,-0.012341176470588234,32.470588235294116
1310,2176,-3536,11,9,20,55.0,0.004024999999999999,31.9
1312,1595,4995,10,5,15,66.67,0.02717333333333333,30.2
1313,1581,4249,10,6,16,62.5,0.019081250000000008,41.4375
1314,1280,9480,10,3,13,76.92,0.04703076923076922,19.615384615384617
1315,2158,-18,8,7,15,53.33,0.000466666666666668,95.73333333333333
1316,1619,5201,12,6,18,66.67,0.02568888888888889,26.055555555555557
1319,4283,9757,11,6,17,64.71,0.019800000000000005,29.705882352941178
1321,2255,1945,9,6,15,60.0,0.013946666666666666,29.533333333333335
1323,2596,-33686,4,13,17,23.53,-0.058711764705882345,78.94117647058823
1324,1666,-3486,9,8,17,52.94,-0.00048823529411764225,86.41176470588235
1325,2820,-2030,10,3,13,76.92,0.047738461538461535,70.23076923076923
1326,9798,28802,14,8,22,63.64,0.021304545454545458,73.68181818181819
1337,1242,-4152,2,3,5,40.0,-0.027600000000000003,24.0
1338,3955,21865,5,2,7,71.43,0.03681428571428572,31.0
1339,3903,32707,10,3,13,76.92,0.047776923076923085,63.0
1340,751,8879,1,1,2,50.0,-0.005999999999999998,71.5
1341,1507,-4867,2,2,4,50.0,-0.005849999999999994,63.0
1342,374,5566,1,0,1,100.0,0.0937,22.0
1402,2578,-23698,4,11,15,26.67,-0.045393333333333334,50.733333333333334
1409,1455,3145,12,7,19,63.16,0.019484210526315784,44.26315789473684
1410,1789,5721,8,5,13,61.54,0.016861538461538463,89.53846153846153
1413,774,3246,10,3,13,76.92,0.04192307692307694,25.846153846153847
1414,852,1118,9,4,13,69.23,0.029361538461538456,46.23076923076923
1416,1252,-4682,8,7,15,53.33,-0.0006733333333333295,85.26666666666667
1417,683,-5863,3,7,10,30.0,-0.04773,57.4
1418,1029,-2579,7,9,16,43.75,-0.0212625,29.4375
1419,2610,-21330,4,9,13,30.77,-0.0396076923076923,95.53846153846153
1423,1075,595,9,6,15,60.0,0.012253333333333335,56.4
1432,1704,5436,8,8,16,50.0,-0.00699375,13.625
1434,2585,-2885,9,7,16,56.25,0.006643750000000002,52.5
1435,2072,5538,16,6,22,72.73,0.03712272727272727,27.136363636363637
1436,2953,-1613,11,7,18,61.11,0.015666666666666672,86.83333333333333
1437,1627,11373,10,3,13,76.92,0.04776153846153846,43.46153846153846
1438,205,29385,1,1,2,50.0,6.747450000000001,3079.5
1439,1614,-8314,5,7,12,41.67,-0.022891666666666668,23.583333333333332
1440,1107,-1187,7,5,12,58.33,0.01021666666666667,35.583333333333336
1441,1036,-5946,5,11,16,31.25,-0.04706250000000001,19.8125
1442,1918,11022,12,4,16,75.0,0.04351875,34.875
1443,790,2100,8,4,12,66.67,0.023499999999999993,29.75
1444,1154,3426,11,5,16,68.75,0.029887499999999997,35.0625
1445,947,93,8,6,14,57.14,0.00630714285714286,38.0
1446,2077,6183,13,6,19,68.42,0.028910526315789473,24.0
1447,846,-856,6,6,12,50.0,-0.007175000000000002,16.333333333333332
1449,982,-3752,8,5,13,61.54,0.0127,13.923076923076923
1451,1886,-4956,7,7,14,50.0,-0.005871428571428568,90.07142857142857
1452,1550,3730,11,5,16,68.75,0.03058125,44.25
1453,705,-1935,3,6,9,33.33,-0.041288888888888896,43.22222222222222
1454,688,-378,6,5,11,54.55,0.0007363636363636309,50.0
1455,1455,1845,11,8,19,57.89,0.008947368421052631,25.894736842105264
1456,672,-8802,2,7,9,22.22,-0.06585555555555556,15.444444444444445
1457,1403,5517,14,6,20,70.0,0.03186,26.7
1459,1252,-102,10,7,17,58.82,0.010723529411764703,26.941176470588236
1460,958,-1728,6,7,13,46.15,-0.015084615384615389,40.92307692307692
1463,1201,-31,9,6,15,60.0,0.012286666666666668,34.2
1464,1606,8704,12,5,17,70.59,0.03341764705882353,30.647058823529413
1465,985,7585,9,2,11,81.82,0.05705454545454545,88.36363636363636
1466,1190,-7830,6,8,14,42.86,-0.02315714285714286,20.571428571428573
1467,832,2508,7,3,10,70.0,0.03358,26.6
1468,700,-1460,4,5,9,44.44,-0.017388888888888888,91.44444444444444
1470,1138,4792,9,4,13,69.23,0.03142307692307693,52.0
1471,1508,592,6,4,10,60.0,0.012580000000000008,17.4
1472,2159,1451,10,8,18,55.56,0.0037888888888888933,23.88888888888889
1473,1983,8767,8,3,11,72.73,0.03943636363636364,30.545454545454547
1474,805,865,7,5,12,58.33,0.008550000000000004,67.25
1475,2280,10710,12,4,16,75.0,0.043562500000000004,14.125
1476,21249,-11239,16,8,24,66.67,0.027287500000000003,35.458333333333336
1477,18565,-10825,14,9,23,60.87,0.02012608695652174,47.130434782608695
1503,3305,-9585,7,8,15,46.67,-0.0063533333333333315,132.86666666666667
1504,2411,4069,11,8,19,57.89,0.009889473684210526,75.15789473684211
1506,1518,3412,8,6,14,57.14,0.007871428571428574,39.285714285714285
1512,796,74,7,5,12,58.33,0.008499999999999999,29.166666666666668
1513,2418,-2888,10,6,16,62.5,0.019018750000000008,61.5625
1514,1428,8072,11,6,17,64.71,0.022511764705882356,34.76470588235294
1515,3436,-12356,10,8,18,55.56,0.004561111111111111,26.22222222222222
1516,1328,11992,11,3,14,78.57,0.04951428571428571,16.714285714285715
1517,1558,-968,11,9,20,55.0,0.0034550000000000006,44.35
1519,1893,2127,6,6,12,50.0,-0.005991666666666665,20.083333333333332
1521,5402,5548,10,7,17,58.82,0.011717647058823536,81.70588235294117
1522,2803,-17293,6,10,16,37.5,-0.02655625,31.6875
1524,1478,822,12,7,19,63.16,0.019136842105263157,37.73684210526316
1525,5540,-26780,9,6,15,60.0,0.014093333333333336,21.866666666666667
1526,2226,20504,14,5,19,73.68,0.039989473684210526,23.157894736842106
1527,5189,-1199,10,7,17,58.82,0.01172352941176471,29.823529411764707
1528,1722,-5882,10,11,21,47.62,-0.011161904761904762,37.95238095238095
1529,1175,-3765,9,8,17,52.94,-0.005105882352941172,7.352941176470588
1530,5171,5549,12,9,21,57.14,0.008376190476190478,33.19047619047619
1531,3029,191,9,10,19,47.37,-0.011042105263157895,44.473684210526315
1532,4258,1002,9,9,18,50.0,-0.005861111111111107,30.11111111111111
1533,2557,11843,8,4,12,66.67,0.027350000000000003,18.416666666666668
1535,2838,31002,9,2,11,81.82,0.057536363636363635,87.18181818181819
1536,2948,-15358,5,6,11,45.45,-0.014909090909090907,23.636363636363637
1537,7418,-46068,8,8,16,50.0,-0.005824999999999997,64.1875
1538,2076,1884,9,7,16,56.25,0.005562500000000003,16.4375
1539,1533,15997,12,3,15,80.0,0.053266666666666664,27.266666666666666
1540,2129,13751,11,4,15,73.33,0.04067333333333333,60.266666666666666
1541,3425,15635,13,7,20,65.0,0.02385,21.2
1558,9032,-6382,7,5,12,58.33,0.010741666666666672,30.75
1560,6390,27560,11,5,16,68.75,0.03149375,23.75
1568,1431,3899,6,3,9,66.67,0.0274,14.666666666666666
1582,4387,9063,6,4,10,60.0,0.014060000000000007,60.7
1583,5770,360,8,7,15,53.33,-0.004073333333333328,59.8
1587,1186,-466,5,3,8,62.5,0.019075,81.625
1589,4464,31256,6,2,8,75.0,0.043925000000000006,29.375
1590,43943,40457,10,8,18,55.56,0.005211111111111117,20.833333333333332
1597,6757,13753,7,6,13,53.85,0.0018230769230769273,22.153846153846153
1598,1532,22798,3,0,3,100.0,0.09373333333333334,33.666666666666664
1603,1733,6817,14,6,20,70.0,0.03336,39.2
1604,1662,5018,13,6,19,68.42,0.029600000000000005,38.526315789473685
1605,2082,5458,13,8,21,61.9,0.017457142857142862,43.095238095238095
1608,1143,1837,10,5,15,66.67,0.026433333333333333,42.86666666666667
1609,942,5348,10,3,13,76.92,0.04604615384615385,24.23076923076923
1611,931,-4131,5,6,11,45.45,-0.015400000000000004,39.36363636363637
1612,1536,2214,10,7,17,58.82,0.011305882352941174,60.76470588235294
1614,1869,12881,8,3,11,72.73,0.03946363636363636,57.90909090909091
1615,1463,2837,10,6,16,62.5,0.018743750000000003,25.625
1616,818,-1378,7,6,13,53.85,-0.001300000000000003,20.0
1617,937,-197,7,6,13,53.85,0.0007769230769230767,38.76923076923077
1618,1254,6836,9,5,14,64.29,0.021814285714285713,32.357142857142854
1626,1172,-8692,3,3,6,50.0,-0.005799999999999995,33.5
1701,1549,6181,9,4,13,69.23,0.03234615384615385,24.46153846153846
1702,3126,-6496,12,7,19,63.16,0.01940526315789474,31.36842105263158
1707,7963,76647,13,3,16,81.25,0.05632500000000001,31.375
1708,2096,1564,9,5,14,64.29,0.022285714285714287,59.142857142857146
1709,1431,-6411,7,8,15,46.67,-0.012399999999999996,74.6
1710,2245,-1575,7,5,12,58.33,0.010766666666666662,14.583333333333334
1711,1792,6478,8,5,13,61.54,0.01712307692307692,31.307692307692307
1712,1428,-2268,6,8,14,42.86,-0.020235714285714284,109.14285714285714
1713,1652,-3272,9,9,18,50.0,-0.010061111111111111,107.94444444444444
1714,854,4076,8,4,12,66.67,0.02615833333333333,41.416666666666664
1717,3658,17322,13,7,20,65.0,0.024095,81.2
1718,1156,11514,13,2,15,86.67,0.06615333333333334,17.066666666666666
1720,3807,-8477,10,10,20,50.0,-0.005834999999999993,56.2
1721,1088,4352,8,4,12,66.67,0.026691666666666666,9.666666666666666
1722,7815,5785,11,8,19,57.89,0.009873684210526321,49.473684210526315
1723,9379,77301,15,2,17,88.24,0.0702764705882353,96.94117647058823
1725,1946,-10906,6,11,17,35.29,-0.03480588235294117,84.88235294117646
1726,5873,24997,12,5,17,70.59,0.03514117647058824,113.70588235294117
1727,1028,8992,7,2,9,77.78,0.049100000000000005,51.44444444444444
1730,3253,18017,15,5,20,75.0,0.043725,76.55
1731,1116,8034,9,3,12,75.0,0.044025,72.5
1732,1269,12321,9,2,11,81.82,0.05733636363636364,27.272727272727273
1733,4945,4465,8,6,14,57.14,0.00838571428571429,33.0
1734,2957,-12487,7,9,16,43.75,-0.018237499999999997,20.25
1735,897,-3897,4,5,9,44.44,-0.01708888888888889,121.66666666666667
1736,8525,36545,10,6,16,62.5,0.019043750000000005,17.9375
1737,1618,4752,6,4,10,60.0,0.02418,102.2
1760,9233,32847,8,5,13,61.54,0.017138461538461543,19.46153846153846
1762,877,2373,2,1,3,66.67,0.027333333333333338,74.66666666666667
1773,6290,45810,12,3,15,80.0,0.053873333333333336,69.53333333333333
1776,302,1328,2,1,3,66.67,0.027333333333333338,55.333333333333336
1783,1048,-7668,2,3,5,40.0,-0.0257,44.4
1786,2572,-7092,3,3,6,50.0,-0.005849999999999994,24.0
1789,1907,5923,3,2,5,60.0,0.014060000000000007,73.6
1795,3126,-11646,3,3,6,50.0,-0.005849999999999994,13.666666666666666
1802,1249,-2709,5,4,9,55.56,0.005144444444444447,32.111111111111114
1805,584,-6624,2,5,7,28.57,-0.051871428571428575,7.285714285714286
1806,1241,2629,9,7,16,56.25,0.004887500000000003,21.25
1808,3691,9069,11,6,17,64.71,0.023423529411764708,22.941176470588236
1809,1252,1138,9,5,14,64.29,0.022242857142857144,23.357142857142858
1810,1089,-1729,8,7,15,53.33,-0.00022666666666666668,50.8
1817,658,2612,2,1,3,66.67,0.027333333333333334,19.333333333333332
1903,2356,-5336,5,5,10,50.0,-0.005839999999999995,42.3
1904,2058,-5548,9,9,18,50.0,-0.006011111111111112,59.22222222222222
1905,1540,-4430,7,9,16,43.75,-0.01876875,36.375
1906,1717,1053,13,10,23,56.52,0.005073913043478265,25.47826086956522
1907,1432,8298,10,5,15,66.67,0.027140000000000004,42.333333333333336
1909,1907,3653,11,8,19,57.89,0.009052631578947371,31.63157894736842
2002,2670,-2830,8,7,15,53.33,0.0008133333333333363,134.26666666666668
2006,2675,20275,11,3,14,78.57,0.051078571428571425,58.857142857142854
2007,915,235,8,7,15,53.33,-0.0026599999999999974,23.866666666666667
2008,918,2692,9,3,12,75.0,0.04258333333333334,49.0
2009,1657,-4057,9,7,16,56.25,0.0061125,26.6875
2010,1606,-3996,9,9,18,50.0,-0.006044444444444442,72.72222222222223
2012,1467,9963,13,5,18,72.22,0.037622222222222224,58.44444444444444
2013,2554,-1784,9,7,16,56.25,0.0066625000000000035,89.1875
2014,1228,6732,7,3,10,70.0,0.03395,48.4
2015,5731,-25871,8,10,18,44.44,-0.016911111111111106,102.55555555555556
2017,868,1282,8,5,13,61.54,0.015084615384615384,38.07692307692308
2020,1436,-14196,4,8,12,33.33,-0.03899999999999999,61.916666666666664
2022,738,1232,7,4,11,63.64,0.018954545454545457,33.27272727272727
2023,1384,376,7,7,14,50.0,-0.0061714285714285656,19.142857142857142
2024,1028,-1618,7,5,12,58.33,0.009208333333333334,22.083333333333332
2025,737,1243,6,4,10,60.0,0.010080000000000002,28.7
2027,2961,7639,11,7,18,61.11,0.016188888888888888,30.444444444444443
2028,1199,8631,14,3,17,82.35,0.05654705882352941,32.76470588235294
2029,2784,5726,9,7,16,56.25,0.006643750000000002,56.6875
2030,1656,-6596,6,7,13,46.15,-0.013653846153846148,33.30769230769231
2031,3859,25051,14,5,19,73.68,0.04137368421052632,28.736842105263158
2032,1070,-1730,4,4,8,50.0,-0.005937499999999997,18.75
2033,1246,7604,9,4,13,69.23,0.03195384615384615,34.0
2034,2091,-15321,4,8,12,33.33,-0.03903333333333333,34.0
2038,858,-7868,4,5,9,44.44,-0.01795555555555555,49.22222222222222
2049,30791,-130361,10,11,21,47.62,-0.010590476190476185,25.904761904761905
2059,34776,11924,12,9,21,57.14,0.008371428571428575,24.285714285714285
2062,3806,-7556,7,6,13,53.85,0.0018153846153846193,49.61538461538461
2069,444,6636,3,0,3,100.0,0.09386666666666665,54.333333333333336
2101,3518,3292,9,7,16,56.25,0.006600000000000005,55.5
2102,1091,-10011,2,7,9,22.22,-0.06110000000000001,51.55555555555556
2103,3250,-4470,8,7,15,53.33,0.0007066666666666675,41.13333333333333
2104,1906,-8596,5,8,13,38.46,-0.02893076923076923,37.30769230769231
2105,5305,14705,8,6,14,57.14,0.008364285714285722,60.357142857142854
2106,2528,-3108,5,6,11,45.45,-0.014881818181818178,35.72727272727273
2107,2032,-7012,8,8,16,50.0,-0.00589375,47.25
2108,2381,5539,9,7,16,56.25,0.0066062500000000045,55.875
2109,1107,4413,10,4,14,71.43,0.036078571428571425,41.5
2114,6953,-18543,7,7,14,50.0,-0.005849999999999994,67.57142857142857
2115,2000,550,4,3,7,57.14,0.008400000000000003,27.857142857142858
2201,3566,-746,7,7,14,50.0,-0.005842857142857138,53.42857142857143
2204,2894,-25684,4,8,12,33.33,-0.03903333333333333,82.25
2206,1964,-12004,5,10,15,33.33,-0.033359999999999994,31.266666666666666
2207,33513,78257,17,9,26,65.38,0.024780769230769235,32.03846153846154
2208,1259,-13869,2,6,8,25.0,-0.055575,53.375
2227,16620,35680,7,6,13,53.85,0.0018076923076923135,38.46153846153846
2228,1861,-16811,1,1,2,50.0,-0.005849999999999994,97.0
2231,20648,-80038,6,8,14,42.86,-0.020071428571428566,27.142857142857142
2233,5982,-23402,5,6,11,45.45,-0.014899999999999995,15.636363636363637
2236,1928,-3448,4,3,7,57.14,0.008442857142857146,36.57142857142857
2239,2268,-22238,1,2,3,33.33,-0.03903333333333333,25.666666666666668
2241,0,0,0,0,0,0.0,,
2243,75,-1355,0,1,1,0.0,-0.1059,34.0
2247,1362,-26562,0,1,1,0.0,-0.1054,22.0
2301,5153,-13813,10,10,20,50.0,-0.005814999999999999,61.2
2302,1171,-7831,7,11,18,38.89,-0.03125,23.72222222222222
2303,2259,-2199,9,8,17,52.94,7.647058823529712e-05,38.11764705882353
2305,1321,-1491,9,9,18,50.0,-0.008361111111111109,15.222222222222221
2308,14779,4841,11,9,20,55.0,0.004105000000000006,57.8
2312,1126,2924,9,5,14,64.29,0.02200714285714286,39.285714285714285
2313,3014,4706,10,9,19,52.63,0.002605263157894741,25.31578947368421
2314,2222,5818,9,7,16,56.25,0.006493750000000001,16.0
2316,2759,17021,16,6,22,72.73,0.03930909090909091,29.59090909090909
2317,12131,34809,11,5,16,68.75,0.03148125,58.4375
2321,813,-3383,5,5,10,50.0,-0.010289999999999994,17.4
2323,842,-7752,4,8,12,33.33,-0.04133333333333334,35.166666666666664
2324,2827,3623,9,8,17,52.94,2.9411764705885644e-05,59.470588235294116
2327,17587,193713,17,9,26,65.38,0.024538461538461544,31.153846153846153
2328,3500,3640,10,7,17,58.82,0.011770588235294121,18.470588235294116
2329,1852,6508,15,8,23,65.22,0.022782608695652174,18.217391304347824
2330,21392,242098,16,6,22,72.73,0.039400000000000004,69.95454545454545
2331,1698,-3448,8,8,16,50.0,-0.006037500000000001,24.8125
2332,3610,14700,11,8,19,57.89,0.005500000000000002,41.1578947368421
2337,2119,-12389,9,8,17,52.94,-0.0008176470588235308,24.529411764705884
2338,2156,-26886,2,13,15,13.33,-0.07937999999999998,71.6
2340,1987,-26397,4,11,15,26.67,-0.05226666666666667,30.666666666666668
2342,1252,-5362,7,6,13,53.85,-0.0007692307692307678,14.846153846153847
2344,1758,572,11,6,17,64.71,0.02164705882352941,21.058823529411764
2345,8769,68751,13,6,19,68.42,0.030799999999999998,29.0
2347,5902,-25412,8,11,19,42.11,-0.021563157894736836,51.8421052631579
2348,3095,-4925,8,6,14,57.14,0.005792857142857143,21.857142857142858
2349,750,-1580,6,6,12,50.0,-0.009025,21.583333333333332
2351,3458,-21348,8,6,14,57.14,0.008435714285714293,20.714285714285715
2352,1658,-2578,6,6,12,50.0,-0.005816666666666664,42.25
2353,3755,18735,10,4,14,71.43,0.03683571428571429,29.928571428571427
2354,11205,-60775,8,8,16,50.0,-0.005849999999999994,21.1875
2355,3436,11304,10,7,17,58.82,0.011752941176470593,27.0
2356,2481,-6371,9,11,20,45.0,-0.015785,38.0
2357,17060,-56270,8,6,14,57.14,0.008371428571428577,60.57142857142857
2358,1214,-14614,3,10,13,23.08,-0.05968461538461537,24.53846153846154
2359,1695,10575,12,4,16,75.0,0.043500000000000004,35.0625
2360,11890,-23330,12,11,23,52.17,-0.0015173913043478207,21.304347826086957
2362,3170,5450,10,5,15,66.67,0.027246666666666666,32.93333333333333
2363,1700,-7680,9,9,18,50.0,-0.00675,24.72222222222222
2364,665,-2305,6,6,12,50.0,-0.011758333333333334,13.0
2365,2084,10386,9,5,14,64.29,0.02236428571428572,36.714285714285715
2367,1727,-6307,6,8,14,42.86,-0.02019285714285714,22.428571428571427
2368,3174,1046,12,10,22,54.55,0.0027136363636363677,20.40909090909091
2369,1637,-10847,7,11,18,38.89,-0.02821666666666666,22.444444444444443
2371,875,5435,7,3,10,70.0,0.03273,58.5
2373,2749,17771,9,3,12,75.0,0.04670000000000001,106.91666666666667
2374,3772,-3632,13,8,21,61.9,0.017933333333333336,23.523809523809526
2375,3196,29574,16,8,24,66.67,0.02541666666666667,19.833333333333332
2376,7125,-8305,14,11,25,56.0,0.006132000000000002,39.76
2377,8486,4724,13,10,23,56.52,0.007134782608695656,29.956521739130434
2379,21356,-171316,9,12,21,42.86,-0.020071428571428563,32.57142857142857
2380,1190,-9410,3,8,11,27.27,-0.052445454545454545,42.27272727272727
2382,5679,361,8,6,14,57.14,0.008371428571428577,75.5
2383,11074,-100964,10,17,27,37.04,-0.03165185185185185,29.48148148148148
2385,8406,1104,12,9,21,57.14,0.008371428571428577,54.857142857142854
2387,1916,-12966,4,8,12,33.33,-0.039,40.833333333333336
2388,3352,-21832,8,9,17,47.06,-0.011705882352941177,12.058823529411764
2390,1670,-2440,9,7,16,56.25,0.005762499999999997,15.4375
2392,5679,8851,10,7,17,58.82,0.01172352941176471,56.294117647058826
2393,7930,15420,13,8,21,61.9,0.017861904761904763,30.142857142857142
2395,16539,68991,10,3,13,76.92,0.047753846153846154,52.38461538461539
2397,5026,23874,9,6,15,60.0,0.01583333333333334,55.46666666666667
2399,1757,-7417,7,9,16,43.75,-0.01848125,45.125
2401,3069,9331,14,8,22,63.64,0.0212,26.636363636363637
2402,2733,-3923,11,8,19,57.89,0.00985263157894737,33.73684210526316
2404,6072,61498,16,4,20,80.0,0.053915000000000005,34.85
2405,1539,8171,9,5,14,64.29,0.02229285714285714,18.357142857142858
2406,1627,12013,10,4,14,71.43,0.03632857142857143,8.214285714285714
2408,5998,14252,12,10,22,54.55,0.0016136363636363677,21.727272727272727
2409,3211,7699,10,7,17,58.82,0.011647058823529415,28.235294117647058
2412,6761,13459,8,6,14,57.14,0.010557142857142862,295.42857142857144
2413,2141,-11891,8,11,19,42.11,-0.021642105263157893,17.210526315789473
2414,2595,10005,15,8,23,65.22,0.024500000000000004,78.65217391304348
2415,2062,-5242,8,9,17,47.06,-0.011823529411764707,13.588235294117647
2417,3498,5192,9,5,14,64.29,0.022542857142857146,35.642857142857146
2419,1500,-10870,7,9,16,43.75,-0.018981249999999998,26.375
2420,2654,436,8,6,14,57.14,0.008442857142857144,38.714285714285715
2421,3548,-13638,8,10,18,44.44,-0.016877777777777773,21.88888888888889
2423,1958,18652,12,3,15,80.0,0.05396,55.0
2424,1883,2057,7,6,13,53.85,0.0011076923076923117,32.92307692307692
2425,1783,-18993,5,11,16,31.25,-0.0437875,21.6875
2426,2012,-10342,7,9,16,43.75,-0.018274999999999996,29.875
2427,1017,43,7,7,14,50.0,-0.007392857142857145,27.142857142857142
2428,7765,-1145,13,8,21,61.9,0.017842857142857146,33.95238095238095
2429,872,1558,5,4,9,55.56,0.003455555555555556,12.555555555555555
2430,3729,-4639,8,8,16,50.0,-0.005806249999999999,55.875
2431,1340,-1800,8,7,15,53.33,0.0004400000000000043,21.533333333333335
2433,3644,12516,12,7,19,63.16,0.020268421052631578,93.89473684210526
2434,1134,-3134,5,8,13,38.46,-0.030184615384615383,27.846153846153847
2436,3304,-17184,9,11,20,45.0,-0.015784999999999997,18.2
2438,778,-2068,5,6,11,45.45,-0.019809090909090908,36.18181818181818
2439,10323,22967,9,9,18,50.0,-0.0058444444444444394,23.11111111111111
2440,1170,-5960,7,9,16,43.75,-0.0194,28.9375
2441,5448,2222,11,9,20,55.0,0.004135000000000002,55.95
2442,1426,2414,12,7,19,63.16,0.019347368421052634,22.263157894736842
2443,807,-3307,6,7,13,46.15,-0.017915384615384618,11.846153846153847
2444,1420,8940,10,3,13,76.92,0.04757692307692308,13.538461538461538
2449,3432,-1902,11,10,21,52.38,-0.001071428571428571,40.19047619047619
2450,5292,23228,9,5,14,64.29,0.022600000000000006,35.57142857142857
2451,11076,-51466,9,13,22,40.91,-0.023949999999999996,60.36363636363637
2453,1342,2358,9,4,13,69.23,0.032276923076923085,21.23076923076923
2454,72333,47917,14,13,27,51.85,-0.0021629629629629572,31.296296296296298
2455,6768,-20328,11,12,23,47.83,-0.010213043478260865,17.0
2457,3288,-7748,11,10,21,52.38,-7.619047619047639e-05,26.19047619047619
2458,10445,16165,17,11,28,60.71,0.01548928571428572,35.32142857142857
2459,4086,-3586,9,9,18,50.0,-0.005811111111111111,79.38888888888889
2460,2403,-11933,8,10,18,44.44,-0.01703333333333333,17.11111111111111
2461,1841,-3521,6,6,12,50.0,-0.005791666666666665,13.75
2462,2522,1198,10,7,17,58.82,0.01174117647058824,27.705882352941178
2464,3481,749,10,8,18,55.56,0.005200000000000004,57.72222222222222
2465,1683,1997,12,6,18,66.67,0.02647777777777778,10.722222222222221
2466,1664,486,5,3,8,62.5,0.0190875,108.625
2467,2692,18318,13,5,18,72.22,0.03843888888888889,40.388888888888886
2468,1437,1813,11,7,18,61.11,0.01585,63.0
2471,1491,-2721,8,6,14,57.14,0.008142857142857143,16.428571428571427
2472,3004,-5014,8,9,17,47.06,-0.011788235294117645,27.58823529411765
2474,27607,-32767,13,9,22,59.09,0.012250000000000006,29.09090909090909
2476,3320,6990,10,8,18,55.56,0.005283333333333336,64.72222222222223
2477,3220,-12250,11,12,23,47.83,-0.010143478260869566,31.52173913043478
2478,2778,-5808,6,5,11,54.55,0.0033181818181818212,32.36363636363637
2480,2958,9122,7,8,15,46.67,-0.012539999999999996,52.8
2481,3113,17647,11,6,17,64.71,0.023452941176470593,23.235294117647058
2482,1548,-4658,5,8,13,38.46,-0.028876923076923074,41.07692307692308
2483,1427,5473,8,4,12,66.67,0.027333333333333334,49.833333333333336
2484,2273,-8403,9,12,21,42.86,-0.020090476190476193,25.666666666666668
2485,4657,10443,9,9,18,50.0,-0.005872222222222217,16.88888888888889
2486,2482,118,10,8,18,55.56,0.005166666666666669,30.5
2488,2700,6840,10,6,16,62.5,0.0190625,35.375
2489,1426,2414,5,5,10,50.0,-0.00601,54.4
2491,1243,3707,12,6,18,66.67,0.023661111111111115,6.722222222222222
2492,5971,-27541,6,6,12,50.0,-0.006166666666666663,31.583333333333332
2493,2686,-11016,9,11,20,45.0,-0.015839999999999996,54.95
2495,4814,966,8,8,16,50.0,-0.005868749999999999,41.5
2496,1883,-29643,5,5,10,50.0,-0.010779999999999996,17.4
2497,3662,17248,13,6,19,68.42,0.0308421052631579,32.36842105263158
2498,33003,192517,9,6,15,60.0,0.014066666666666672,18.8
2501,1903,2877,10,8,18,55.56,0.0052888888888888924,37.388888888888886
2504,2048,-3978,10,10,20,50.0,-0.0063149999999999986,39.2
2505,1573,4267,8,6,14,57.14,0.007828571428571431,25.285714285714285
2506,1227,583,11,8,19,57.89,0.0112,61.8421052631579
2509,2514,-1994,9,8,17,52.94,-0.0005294117647058796,38.11764705882353
2511,1438,-9278,6,9,15,40.0,-0.026153333333333327,60.46666666666667
2514,1804,-5284,9,8,17,52.94,-0.00027647058823529225,30.41176470588235
2515,1078,42,10,7,17,58.82,0.009094117647058822,29.764705882352942
2516,1108,-6828,7,11,18,38.89,-0.031144444444444443,65.72222222222223
2520,2848,12702,12,7,19,63.16,0.020231578947368423,19.05263157894737
2524,3177,4413,11,7,18,61.11,0.02026111111111111,43.111111111111114
2527,1646,7744,9,5,14,64.29,0.022014285714285712,17.428571428571427
2528,1172,-10232,4,8,12,33.33,-0.040799999999999996,26.083333333333332
2530,1012,278,8,6,14,57.14,0.006300000000000001,44.857142857142854
2534,2439,1351,10,8,18,55.56,0.0050166666666666675,64.66666666666667
2535,1839,-2889,7,8,15,46.67,-0.012879999999999999,88.13333333333334
2536,3695,-18615,8,13,21,38.1,-0.029580952380952385,61.57142857142857
2537,1108,5272,11,5,16,68.75,0.028825000000000003,42.6875
2538,2346,-1406,12,9,21,57.14,0.00811904761904762,51.80952380952381
2539,2975,3495,11,8,19,57.89,0.009294736842105262,59.526315789473685
2540,845,140125,2,2,4,50.0,4.861750000000001,1008.75
2542,5906,16884,16,7,23,69.57,0.029386956521739137,43.56521739130435
2543,887,-1267,6,6,12,50.0,-0.007025000000000003,38.666666666666664
2545,5846,-3596,13,9,22,59.09,0.012231818181818182,30.954545454545453
2546,3109,9931,16,9,25,64.0,0.021696000000000003,50.0
2547,1626,6194,7,4,11,63.64,0.021045454545454548,21.0
2548,9601,-50251,10,14,24,41.67,-0.026112499999999993,64.625
2597,5149,28721,9,5,14,64.29,0.022592857142857147,62.357142857142854
2601,2967,18743,9,6,15,60.0,0.013006666666666673,26.133333333333333
2603,1516,-12646,4,7,11,36.36,-0.032972727272727265,28.0
2605,2954,21776,10,4,14,71.43,0.036842857142857156,69.28571428571429
2606,7032,-19582,12,9,21,57.14,0.008376190476190482,37.0
2607,1288,-11918,4,7,11,36.36,-0.03296363636363636,118.18181818181819
2608,3535,3295,12,8,20,60.0,0.013675000000000001,93.0
2609,1699,881,8,6,14,57.14,0.007950000000000002,33.214285714285715
2610,1311,7829,9,4,13,69.23,0.03235384615384615,33.38461538461539
2611,1248,-4978,6,8,14,42.86,-0.02106428571428572,52.857142857142854
2612,4326,7424,11,4,15,73.33,0.04048000000000002,23.733333333333334
2613,1059,-2719,5,4,9,55.56,0.005133333333333335,30.444444444444443
2614,1225,3005,10,6,16,62.5,0.01744375,24.8125
2615,2937,8093,9,8,17,52.94,4.7058823529413116e-05,30.176470588235293
2616,2319,17151,14,4,18,77.78,0.049550000000000004,127.22222222222223
2617,1956,-1206,6,4,10,60.0,0.014100000000000005,22.3
2618,2736,-8756,10,14,24,41.67,-0.022420833333333334,38.583333333333336
2630,416,144,2,1,3,66.67,0.02716666666666667,28.0
2633,682,-442,2,2,4,50.0,-0.005874999999999998,88.0
2634,1100,-5900,2,3,5,40.0,-0.025660000000000006,70.2
2636,2647,12813,10,5,15,66.67,0.02740666666666667,30.933333333333334
2637,2190,-3820,4,4,8,50.0,-0.005849999999999994,142.25
2642,1076,16034,4,0,4,100.0,0.0937,7.0
2701,915,-13255,2,9,11,18.18,-0.07727272727272727,178.0
2702,1212,-9292,3,6,9,33.33,-0.039166666666666655,74.0
2704,2615,7105,9,5,14,64.29,0.022521428571428574,57.142857142857146
2705,1649,-8959,5,9,14,35.71,-0.03447142857142856,33.5
2706,1912,-18252,3,10,13,23.08,-0.05334615384615385,61.15384615384615
2707,21811,-139951,8,7,15,53.33,0.0007866666666666726,58.8
2712,1319,-6439,3,4,7,42.86,-0.020085714285714287,110.42857142857143
2722,882,-8332,1,3,4,25.0,-0.0556,119.0
2723,11232,33368,5,3,8,62.5,0.019037500000000006,50.25
2727,4766,33034,2,1,3,66.67,0.027333333333333338,19.666666666666668
2731,2894,-14234,2,3,5,40.0,-0.025759999999999995,33.8
2739,579,-3409,1,2,3,33.33,-0.03896666666666666,69.0
2748,619,9241,2,0,2,100.0,0.09375,75.5
2801,1427,-3187,6,6,12,50.0,-0.0058833333333333316,99.83333333333333
2809,2389,4511,8,6,14,57.14,0.008442857142857144,107.5
2812,1199,4811,11,5,16,68.75,0.030668749999999995,136.0
2816,1474,-6214,6,8,14,42.86,-0.020778571428571424,85.64285714285714
2820,1246,3654,11,6,17,64.71,0.022223529411764708,194.23529411764707
2832,1532,-11072,4,8,12,33.33,-0.031849999999999996,195.08333333333334
2834,1162,1658,10,6,16,62.5,0.01811875,144.1875
2836,975,-1245,6,5,11,54.55,0.002645454545454544,146.8181818181818
2838,823,-983,6,6,12,50.0,-0.007241666666666668,165.83333333333334
2845,1218,-3368,7,8,15,46.67,-0.01277333333333333,159.73333333333332
2849,1074,-2754,6,7,13,46.15,-0.013869230769230769,63.69230769230769
2850,2513,13467,12,5,17,70.59,0.03521176470588235,71.41176470588235
2851,1549,9521,11,5,16,68.75,0.0314875,137.1875
2852,1342,9018,10,3,13,76.92,0.04783076923076924,102.6923076923077
2855,1936,-7526,9,11,20,45.0,-0.015754999999999998,96.25
2867,493,-1693,2,3,5,40.0,-0.026000000000000002,110.4
2880,1481,-2951,6,6,12,50.0,-0.005825,180.91666666666666
2881,5410,7030,11,9,20,55.0,0.0041300000000000035,74.15
2882,3613,3267,7,5,12,58.33,0.01076666666666667,88.5
2883,1021,4539,9,4,13,69.23,0.03154615384615385,51.84615384615385
2884,2208,6692,10,7,17,58.82,0.011694117647058825,123.70588235294117
2885,1768,1232,10,6,16,62.5,0.01905,105.1875
2886,2622,16038,12,5,17,70.59,0.03522352941176471,128.7058823529412
2887,1489,-7569,6,10,16,37.5,-0.030893749999999998,121.625
2888,1757,-2287,7,9,16,43.75,-0.01896875,72.5
2889,1279,7641,13,4,17,76.47,0.04614705882352941,95.94117647058823
2890,1677,-4287,10,10,20,50.0,-0.010275,76.3
2891,1857,13083,10,3,13,76.92,0.047807692307692315,115.3076923076923
2892,2399,-3989,9,8,17,52.94,3.5294117647063916e-05,127.76470588235294
2897,189,581,2,1,3,66.67,0.025033333333333335,83.0
2901,1163,2667,5,3,8,62.5,0.019100000000000002,63.25
2903,2419,-10239,8,7,15,53.33,0.000733333333333334,35.0
2904,1889,-8939,7,11,18,38.89,-0.030144444444444436,70.83333333333333
2905,2333,97,11,9,20,55.0,0.004024999999999999,37.05
2906,1007,4803,9,4,13,69.23,0.03190769230769231,107.53846153846153
2908,1640,2750,8,5,13,61.54,0.01713076923076923,84.3076923076923
2910,2296,-6386,6,6,12,50.0,-0.005791666666666667,16.833333333333332
2911,1429,-7409,5,7,12,41.67,-0.023299999999999998,30.75
2912,18034,12426,13,6,19,68.42,0.027015789473684222,78.6842105263158
2913,2173,-12033,7,15,22,31.82,-0.043077272727272735,43.40909090909091
2915,5527,54403,14,3,17,82.35,0.058552941176470585,26.352941176470587
2923,904,-7374,2,4,6,33.33,-0.03896666666666666,54.833333333333336
2929,3998,9152,3,2,5,60.0,0.014060000000000007,29.8
2939,195,-545,0,1,1,0.0,-0.0162,22.0
3002,1373,6537,9,4,13,69.23,0.03243076923076924,13.461538461538462
3003,5374,-20234,11,12,23,47.83,-0.010152173913043475,26.0
3004,5507,18913,12,7,19,63.16,0.02023684210526316,24.736842105263158
3005,4550,10480,16,9,25,64.0,0.022056000000000006,37.04
3006,8198,12202,10,9,19,52.63,-0.0005999999999999953,14.526315789473685
3008,255338,-265588,11,11,22,50.0,-0.005849999999999994,22.727272727272727
3010,5961,-13491,8,9,17,47.06,-0.011694117647058818,92.17647058823529
3011,833,-3803,5,6,11,45.45,-0.016272727272727272,25.09090909090909
3013,2944,-8814,11,9,20,55.0,0.004040000000000001,11.55
3014,6004,-11194,11,10,21,52.38,-0.0010999999999999972,27.285714285714285
3015,3329,1901,9,7,16,56.25,0.006656250000000001,63.375
3016,3744,-19254,6,11,17,35.29,-0.0351,16.764705882352942
3017,5644,-20944,12,10,22,54.55,0.0031909090909090954,19.318181818181817
3018,1875,6305,7,6,13,53.85,0.0017692307692307719,21.76923076923077
3019,9887,-28917,7,7,14,50.0,-0.0058642857142857064,36.92857142857143
3021,569,2951,5,2,7,71.43,0.03660000000000001,53.57142857142857
3022,5138,-11128,9,10,19,47.37,-0.01108947368421052,34.526315789473685
3023,9926,-12886,14,10,24,58.33,0.010745833333333336,71.25
3024,1457,-8967,5,9,14,35.71,-0.035692857142857144,32.07142857142857
3025,1088,-2388,5,6,11,45.45,-0.015100000000000002,18.454545454545453
3026,7449,-6289,12,8,20,60.0,0.014099999999999998,47.0
3027,1601,-2951,7,8,15,46.67,-0.012633333333333333,14.533333333333333
3028,2424,2976,11,8,19,57.89,0.009910526315789477,57.68421052631579
3029,2730,-26480,7,14,21,33.33,-0.039176190476190476,24.714285714285715
3030,5832,14318,12,8,20,60.0,0.014080000000000004,45.9
3031,3555,8935,9,9,18,50.0,-0.0058277777777777755,23.72222222222222
3032,1477,1663,7,5,12,58.33,0.010450000000000003,31.583333333333332
3033,2218,-4378,9,9,18,50.0,-0.00579444444444444,126.33333333333333
3034,26705,-10275,15,11,26,57.69,0.009465384615384622,36.07692307692308
3035,9920,70520,14,5,19,73.68,0.041294736842105266,21.842105263157894
3036,5659,-33099,9,13,22,40.91,-0.023918181818181818,45.68181818181818
3037,7263,-31683,11,13,24,45.83,-0.014137499999999997,22.75
3038,1653,9387,12,4,16,75.0,0.04335,26.5
3040,2531,7159,8,5,13,61.54,0.017176923076923083,26.307692307692307
3041,5594,12056,12,11,23,52.17,-0.0014913043478260832,13.08695652173913
3042,7019,-27959,11,13,24,45.83,-0.01412083333333333,40.666666666666664
3043,2831,6179,6,3,9,66.67,0.026777777777777782,16.88888888888889
3044,13814,-83014,12,15,27,44.44,-0.016911111111111106,37.55555555555556
3045,8008,1582,9,8,17,52.94,0.0030470588235294175,191.35294117647058
3046,1620,2580,10,7,17,58.82,0.010611764705882355,15.0
3047,1534,6236,10,5,15,66.67,0.027126666666666667,13.733333333333333
3048,1680,-2650,7,8,15,46.67,-0.012553333333333331,45.53333333333333
3049,1387,-8427,6,10,16,37.5,-0.03156875,11.25
3050,994,-11284,3,9,12,25.0,-0.05689166666666665,29.833333333333332
3051,4042,-37702,8,10,18,44.44,-0.020472222222222218,14.833333333333334
3052,1326,7604,12,5,17,70.59,0.034152941176470594,48.64705882352941
3054,992,-7592,3,4,7,42.86,-0.020242857142857142,28.428571428571427
3055,1619,-6999,5,6,11,45.45,-0.014899999999999997,31.363636363636363
3056,2350,23510,14,3,17,82.35,0.05851764705882353,37.76470588235294
3057,2640,-19950,7,11,18,38.89,-0.02818888888888889,16.61111111111111
3058,2007,7213,13,6,19,68.42,0.030505263157894737,28.105263157894736
3059,4085,-36805,5,12,17,29.41,-0.046799999999999994,25.823529411764707
3060,5672,-40162,5,9,14,35.71,-0.03428571428571428,24.785714285714285
3062,2822,18178,8,4,12,66.67,0.02739166666666666,19.416666666666668
3090,3476,-12926,7,8,15,46.67,-0.012459999999999997,52.266666666666666
3094,1616,-2766,5,5,10,50.0,-0.005790000000000001,23.1
3130,11148,52152,10,4,14,71.43,0.03681428571428572,89.14285714285714
3138,3012,-26922,6,5,11,54.55,0.001790909090909093,17.363636363636363
3149,1069,-5399,4,2,6,66.67,0.026716666666666666,19.0
3164,2231,11619,7,4,11,63.64,0.021390909090909085,11.0
3167,2309,-10409,4,4,8,50.0,-0.005837499999999997,37.125
3189,6788,-6708,7,6,13,53.85,0.0018076923076923135,15.23076923076923
3209,2426,-18806,5,11,16,31.25,-0.04315624999999999,44.625
3229,860,7380,6,2,8,75.0,0.043437500000000004,8.25
3231,3477,13753,11,5,16,68.75,0.0315125,33.75
3257,3933,-3843,7,6,13,53.85,0.0018230769230769273,16.307692307692307
3266,1209,-9099,5,6,11,45.45,-0.014836363636363637,115.72727272727273
3296,2677,15873,10,3,13,76.92,0.047753846153846154,12.23076923076923
3305,3246,-8976,7,5,12,58.33,0.010725000000000005,24.583333333333332
3308,942,-7392,5,6,11,45.45,-0.01620909090909091,21.272727272727273
3311,6006,24414,7,6,13,53.85,0.0018153846153846204,29.23076923076923
3312,1557,3813,10,5,15,66.67,0.027,30.8
3321,338,-3858,1,3,4,25.0,-0.0557,14.5
3338,1910,-15210,2,3,5,40.0,-0.0257,20.4
3346,612,-5552,1,2,3,33.33,-0.03903333333333333,8.333333333333334
3356,10940,-12870,7,5,12,58.33,0.010741666666666672,18.166666666666668
3376,8456,-48706,4,7,11,36.36,-0.032999999999999995,25.272727272727273
3380,2499,-9939,7,9,16,43.75,-0.018237499999999997,24.25
3406,21042,-76922,7,9,16,43.75,-0.018293749999999994,10.0625
3413,6874,-90934,2,5,7,28.57,-0.04851428571428571,25.0
3416,4695,28695,9,3,12,75.0,0.04392500000000001,64.08333333333333
3419,1692,7798,9,5,14,64.29,0.022678571428571433,24.857142857142858
3432,668,-6608,2,6,8,25.0,-0.0555375,45.75
3437,412,-4032,1,2,3,33.33,-0.03886666666666667,16.0
3443,23552,-54032,9,8,17,52.94,5.8823529411823536e-06,17.941176470588236
3450,6786,-26206,7,7,14,50.0,-0.005892857142857138,20.428571428571427
3454,10395,-39145,9,11,20,45.0,-0.015799999999999995,26.7
3481,1820,2830,8,4,12,66.67,0.027141666666666665,25.083333333333332
3494,1147,-1807,5,7,12,41.67,-0.024474999999999997,8.583333333333334
3501,4228,-17688,6,8,14,42.86,-0.020071428571428566,52.642857142857146
3504,5219,-50419,4,6,10,40.0,-0.025759999999999995,12.1
3515,9029,-30479,8,5,13,61.54,0.01712307692307693,64.3076923076923
3518,2491,5969,4,4,8,50.0,-0.005812499999999995,15.25
3528,2079,3971,6,4,10,60.0,0.014140000000000003,62.7
3530,4008,57212,8,1,9,88.89,0.07152222222222222,14.444444444444445
3532,4734,11096,5,3,8,62.5,0.019050000000000004,16.0
3533,24060,55390,11,7,18,61.11,0.01627222222222223,23.666666666666668
3535,889,-7849,1,5,6,16.67,-0.07233333333333332,16.833333333333332
3536,557,-2067,4,3,7,57.14,0.0074714285714285655,18.857142857142858
3543,1705,3705,7,5,12,58.33,0.010491666666666668,23.833333333333332
3545,5846,-53126,5,13,18,27.78,-0.05008333333333332,18.166666666666668
3550,890,850,5,4,9,55.56,0.0052888888888888924,23.666666666666668
3557,1587,-2827,8,3,11,72.73,0.038390909090909094,21.90909090909091
3563,9485,73855,8,4,12,66.67,0.027333333333333338,18.0
3576,1137,-4377,5,2,7,71.43,0.0362,10.714285714285714
3583,2010,-20670,1,4,5,20.0,-0.06558,20.4
3588,1604,9836,3,2,5,60.0,0.014119999999999999,13.8
3591,767,5213,4,2,6,66.67,0.027500000000000007,7.166666666666667
3593,1252,-7712,4,5,9,44.44,-0.017299999999999996,19.88888888888889
3596,4261,-23791,5,7,12,41.67,-0.022441666666666662,41.416666666666664
3605,1619,-6329,4,4,8,50.0,-0.005849999999999994,15.375
3607,3140,-1040,6,5,11,54.55,0.003181818181818186,25.272727272727273
3617,7245,-195,7,6,13,53.85,0.0018076923076923135,28.692307692307693
3622,3012,-40942,5,4,9,55.56,0.005200000000000007,30.22222222222222
3645,1864,-25894,1,5,6,16.67,-0.0722,18.666666666666668
3653,12323,-16603,8,4,12,66.67,0.027333333333333338,16.0
3661,30246,106824,8,3,11,72.73,0.0394,8.909090909090908
3665,12918,19092,8,4,12,66.67,0.027333333333333338,22.0
3669,790,-1570,3,2,5,60.0,0.014159999999999996,53.0
3673,13015,-129845,4,4,8,50.0,-0.005849999999999994,22.25
3679,4272,-41632,4,7,11,36.36,-0.032999999999999995,37.27272727272727
3682,347,-2507,1,3,4,25.0,-0.05614999999999999,51.75
3686,644,4856,5,2,7,71.43,0.035185714285714285,6.428571428571429
3694,1913,2267,7,6,13,53.85,0.001753846153846157,20.615384615384617
3701,1667,13233,9,5,14,64.29,0.020657142857142857,43.285714285714285
3702,3773,-113,9,7,16,56.25,0.006612500000000004,91.75
3703,1153,-2163,7,5,12,58.33,0.010566666666666674,51.083333333333336
3704,792,-9372,2,5,7,28.57,-0.04851428571428571,34.857142857142854
3705,1661,-3501,3,3,6,50.0,-0.005833333333333329,152.66666666666666
3706,1240,-12610,2,5,7,28.57,-0.048557142857142854,46.714285714285715
3708,1204,17906,2,0,2,100.0,0.0937,25.0
3711,2494,23086,4,1,5,80.0,0.053880000000000004,20.4
3712,228,-4438,0,1,1,0.0,-0.1054,21.0
3714,0,0,0,0,0,0.0,,
4104,4476,16014,9,5,14,64.29,0.027821428571428573,72.21428571428571
4106,3056,-13696,6,10,16,37.5,-0.030712499999999997,44.375
4108,2680,-27030,3,9,12,25.0,-0.05559166666666667,34.416666666666664
4119,6009,32671,11,3,14,78.57,0.05106428571428572,22.714285714285715
4133,1195,11395,3,1,4,75.0,0.04395,31.75
4137,10674,-7274,4,4,8,50.0,-0.005849999999999994,24.875
4142,1235,5485,4,2,6,66.67,0.027366666666666668,13.833333333333334
4155,2642,12648,7,4,11,63.64,0.021309090909090913,44.90909090909091
4164,1066,1084,2,1,3,66.67,0.027333333333333338,26.666666666666668
4190,1798,-15888,1,2,3,33.33,-0.03903333333333333,16.333333333333332
4306,1541,99,6,5,11,54.55,0.003263636363636365,42.81818181818182
4414,1086,-2216,7,7,14,50.0,-0.007842857142857143,19.142857142857142
4426,4074,4006,10,4,14,71.43,0.03675,14.714285714285714
4438,4799,-34899,2,4,6,33.33,-0.03903333333333333,35.0
4439,763,-14863,0,1,1,0.0,-0.1054,74.0
4526,2997,-5887,7,9,16,43.75,-0.018199999999999997,37.5
4532,2054,-1994,7,7,14,50.0,-0.005835714285714282,37.42857142857143
4536,5117,8873,4,2,6,66.67,0.027333333333333338,36.166666666666664
4540,1028,4492,3,1,4,75.0,0.043925000000000006,126.0
4545,525,-4015,1,2,3,33.33,-0.03903333333333333,52.0
4551,6416,-4606,5,3,8,62.5,0.019037500000000006,31.25
4552,557,-7937,0,3,3,0.0,-0.07553333333333333,62.0
4555,1555,-795,2,2,4,50.0,0.0022750000000000027,119.0
4557,2221,-8691,2,3,5,40.0,-0.025759999999999995,68.2
4560,852,-3812,1,2,3,33.33,-0.025466666666666662,234.66666666666666
4562,377,-5977,0,2,2,0.0,-0.0652,90.5
4564,1177,-1807,2,2,4,50.0,-0.0058499999999999976,13.5
4566,698,-2538,1,1,2,50.0,-0.005849999999999994,35.0
4571,1136,16914,2,0,2,100.0,0.0937,4.5
4572,1410,-4660,1,1,2,50.0,-0.005849999999999994,13.5
4576,1151,1039,1,1,2,50.0,-0.005849999999999994,39.5
4581,0,0,0,0,0,0.0,,
4720,1130,520,7,5,12,58.33,0.010783333333333334,76.66666666666667
4722,2520,-22570,7,12,19,36.84,-0.032194736842105255,68.42105263157895
4737,2937,27203,6,1,7,85.71,0.06525714285714286,32.57142857142857
4739,2710,16020,4,3,7,57.14,0.008371428571428577,20.428571428571427
4746,4019,5721,6,4,10,60.0,0.014060000000000007,28.5
4755,3041,39079,7,1,8,87.5,0.0688375,20.5
4763,4392,65408,5,0,5,100.0,0.0937,37.4
4764,476,-9276,0,1,1,0.0,-0.1054,7.0
4766,1792,-34942,0,2,2,0.0,-0.1054,83.5
4807,0,0,0,0,0,0.0,,
4904,5400,15150,11,5,16,68.75,0.0314875,143.875
4906,5524,33436,12,5,17,70.59,0.03518823529411765,38.588235294117645
4912,9988,60052,9,4,13,69.23,0.03243846153846155,20.923076923076923
4915,5315,20205,11,5,16,68.75,0.0315,33.3125
4916,987,-12177,1,3,4,25.0,-0.055674999999999995,20.0
4919,4259,-15439,6,6,12,50.0,-0.005833333333333329,24.416666666666668
4927,2456,414,4,4,8,50.0,-0.0058374999999999955,49.5
4930,1361,-4991,4,6,10,40.0,-0.025989999999999996,26.0
4934,775,-5885,2,4,6,33.33,-0.03986666666666666,8.333333333333334
4935,5993,267,6,5,11,54.55,0.003218181818181822,14.909090909090908
4938,5150,4500,8,5,13,61.54,0.017138461538461543,57.76923076923077
4942,1524,11856,5,2,7,71.43,0.03687142857142857,37.857142857142854
4943,1843,-14153,1,2,3,33.33,-0.03903333333333333,6.666666666666667
4952,3634,2946,8,6,14,57.14,0.008392857142857146,33.785714285714285
4956,1023,-15253,1,6,7,14.29,-0.07692857142857143,13.0
4958,4535,10435,5,3,8,62.5,0.019037500000000006,30.625
4960,564,3256,2,2,4,50.0,-0.005825000000000004,18.25
4961,4472,-6642,4,4,8,50.0,-0.0058374999999999955,37.375
4967,734,-1484,2,3,5,40.0,-0.0257,18.4
4968,4426,11724,4,1,5,80.0,0.053880000000000004,13.6
4976,1883,-583,4,4,8,50.0,-0.0058374999999999955,17.875
4977,5196,-12186,4,5,9,44.44,-0.016911111111111106,29.77777777777778
4989,368,5492,2,0,2,100.0,0.0938,16.0
4994,5063,-83863,1,4,5,20.0,-0.06558,19.6
4999,817,-15927,0,3,3,0.0,-0.1054,39.0
5007,3908,11392,11,6,17,64.71,0.023458823529411768,58.0
5203,8284,36206,8,5,13,61.54,0.01712307692307693,45.84615384615385
5215,6600,-130,8,4,12,66.67,0.02733333333333333,24.083333333333332
5225,3151,-24261,4,8,12,33.33,-0.039016666666666665,21.583333333333332
5234,5079,27791,7,3,10,70.0,0.03398,30.7
5243,2119,11341,5,2,7,71.43,0.03682857142857143,18.285714285714285
5258,1289,5081,3,2,5,60.0,0.014040000000000006,7.2
5269,23987,-145547,4,3,7,57.14,0.008371428571428577,9.0
5283,3037,-12057,3,3,6,50.0,-0.005849999999999994,72.0
5284,1111,-211,2,2,4,50.0,-0.005824999999999997,125.0
5285,937,-8087,1,2,3,33.33,-0.03903333333333333,85.66666666666667
5288,3714,5166,4,2,6,66.67,0.027333333333333338,36.833333333333336
5388,6947,35783,15,9,24,62.5,0.019045833333333338,33.25
5434,7702,11008,8,7,15,53.33,0.0007933333333333385,38.2
5469,3147,-10767,9,11,20,45.0,-0.015874999999999997,18.2
5471,7316,-2226,11,8,19,57.89,0.009878947368421057,21.05263157894737
5484,2278,-23418,6,10,16,37.5,-0.030956249999999998,16.375
5515,1278,152,6,6,12,50.0,-0.005999999999999999,75.75
5519,2325,-9165,8,9,17,47.06,-0.011894117647058819,50.8235294117647
5521,1066,1634,8,5,13,61.54,0.01661538461538461,30.615384615384617
5522,4369,381,9,7,16,56.25,0.006618750000000003,46.0
5525,2654,15036,14,5,19,73.68,0.04138421052631579,51.1578947368421
5531,2159,27561,9,2,11,81.82,0.057218181818181814,28.636363636363637
5533,1456,-7916,4,9,13,30.77,-0.044446153846153844,63.84615384615385
5534,8532,17788,11,8,19,57.89,0.009831578947368426,38.31578947368421
5538,988,-4828,2,3,5,40.0,-0.025739999999999996,50.2
5546,931,-18161,0,2,2,0.0,-0.1054,18.0
5607,2908,-4028,8,7,15,53.33,0.0008733333333333371,21.933333333333334
5608,3103,12637,10,6,16,62.5,0.018693750000000002,25.875
5706,5178,-38438,4,12,16,25.0,-0.05571875,71.25
5871,5887,67803,8,1,9,88.89,0.07157777777777778,59.44444444444444
5876,1732,9908,5,2,7,71.43,0.036800000000000006,96.71428571428571
5880,875,9925,6,1,7,85.71,0.06534285714285715,330.7142857142857
5906,777,8683,5,1,6,83.33,0.0603,23.0
5907,962,-18732,0,5,5,0.0,-0.10542,39.6
6005,1111,2789,8,5,13,61.54,0.016915384615384617,25.76923076923077
6024,1254,18696,5,0,5,100.0,0.09378,152.2
6108,3290,-12600,9,12,21,42.86,-0.02001428571428571,45.095238095238095
6112,2805,-445,9,8,17,52.94,8.235294117646805e-05,65.11764705882354
6115,2438,-2168,4,5,9,44.44,-0.007766666666666664,174.11111111111111
6116,997,5663,12,3,15,80.0,0.05116,13.666666666666666
6117,2318,11752,11,4,15,73.33,0.04062666666666667,37.266666666666666
6120,2600,-11490,8,9,17,47.06,-0.011799999999999996,21.176470588235293
6128,2909,-14839,7,9,16,43.75,-0.018281249999999995,57.75
6133,1501,1429,8,7,15,53.33,3.999999999999097e-05,20.4
6136,2836,-27706,5,12,17,29.41,-0.04679411764705882,132.88235294117646
6139,3224,-12494,7,7,14,50.0,-0.005771428571428572,48.857142857142854
6141,2665,18775,12,3,15,80.0,0.053913333333333334,28.133333333333333
6142,1425,-8105,6,6,12,50.0,-0.007541666666666662,39.166666666666664
6152,3098,-428,9,10,19,47.37,-0.011715789473684209,21.210526315789473
6153,3198,-13318,6,8,14,42.86,-0.020057142857142853,18.571428571428573
6155,2160,-11840,5,8,13,38.46,-0.02883846153846154,31.846153846153847
6164,1663,5307,8,7,15,53.33,0.0007200000000000003,18.666666666666668
6165,1871,4349,9,7,16,56.25,0.005725000000000004,23.25
6166,5087,3733,9,7,16,56.25,0.006612500000000004,36.125
6168,2816,-9906,9,8,17,52.94,5.882352941177455e-06,18.647058823529413
6176,9022,-16352,10,9,19,52.63,-0.000594736842105259,31.63157894736842
6177,3210,-20340,9,11,20,45.0,-0.015779999999999995,52.75
6183,1776,2064,7,7,14,50.0,-0.005992857142857141,97.07142857142857
6184,4886,16414,13,6,19,68.42,0.026468421052631586,97.89473684210526
6189,3751,17289,12,5,17,70.59,0.03517058823529412,98.82352941176471
6191,1669,-17589,4,9,13,30.77,-0.044384615384615383,16.76923076923077
6192,6168,-48358,5,11,16,31.25,-0.04317499999999999,48.8125
6196,4522,-11902,8,6,14,57.14,0.00835714285714286,31.285714285714285
6197,6256,44624,12,3,15,80.0,0.05391333333333334,19.6
6201,2499,481,7,5,12,58.33,0.010816666666666669,113.0
6202,7532,1528,13,10,23,56.52,0.007156521739130438,49.43478260869565
6205,3323,-17303,6,8,14,42.86,-0.020064285714285708,30.428571428571427
6206,7937,-20077,7,8,15,46.67,-0.012486666666666662,42.0
6209,4187,5353,8,6,14,57.14,0.00840714285714286,10.0
6213,6181,40289,14,6,20,70.0,0.034015000000000004,30.8
6214,4567,-17677,6,7,13,46.15,-0.013492307692307689,77.07692307692308
6215,2277,-687,7,8,15,46.67,-0.012413333333333335,20.2
6216,2664,19766,10,4,14,71.43,0.03684285714285714,80.85714285714286
6224,7205,16395,11,8,19,57.89,0.009857894736842112,38.526315789473685
6225,1678,6232,7,7,14,50.0,-0.007921428571428567,8.142857142857142
6226,996,-3556,6,6,12,50.0,-0.006183333333333332,18.583333333333332
6230,8654,-51754,8,9,17,47.06,-0.011688235294117643,15.235294117647058
6235,2183,-13923,7,10,17,41.18,-0.023805882352941173,13.941176470588236
6239,11641,-43401,11,12,23,47.83,-0.010178260869565211,27.17391304347826
6243,7062,7458,10,9,19,52.63,-0.000684210526315785,12.31578947368421
6257,4316,-2646,10,13,23,43.48,-0.01879565217391304,32.0
6269,6609,-1109,9,8,17,52.94,1.176470588235491e-05,23.941176470588236
6271,12008,-54878,7,8,15,46.67,-0.012486666666666662,15.8
6277,6961,6359,9,6,15,60.0,0.01405333333333334,62.733333333333334
6278,6755,-28865,7,8,15,46.67,-0.012493333333333327,24.2
6281,4657,26103,10,4,14,71.43,0.040735714285714285,129.14285714285714
6282,2445,-3445,9,8,17,52.94,0.00011764705882352788,44.88235294117647
6283,1430,5940,8,4,12,66.67,0.026774999999999997,14.5
6285,7525,6345,9,7,16,56.25,0.006593750000000006,35.0
6288,1482,-252,7,6,13,53.85,0.00143076923076923,21.46153846153846
6405,182,-232,1,1,2,50.0,-0.005849999999999994,52.5
6409,33789,-59089,4,4,8,50.0,-0.005849999999999994,37.25
6412,2255,10885,4,2,6,66.67,0.027333333333333338,55.166666666666664
6414,15067,-97117,3,5,8,37.5,-0.030737499999999994,24.5
6415,84615,69635,8,4,12,66.67,0.027333333333333338,20.916666666666668
6416,7023,40917,7,3,10,70.0,0.03912,16.5
6431,788,6802,4,2,6,66.67,0.02716666666666667,10.333333333333334
6438,4138,-30548,3,6,9,33.33,-0.03903333333333333,12.222222222222221
6442,1771,-18471,2,5,7,28.57,-0.04849999999999999,30.857142857142858
6443,948,-4198,3,3,6,50.0,-0.006416666666666663,18.5
6449,2345,-13595,4,4,8,50.0,-0.005812499999999998,17.375
6451,1356,-8056,1,1,2,50.0,-0.005849999999999994,22.5
6456,7729,-21369,4,4,8,50.0,-0.005849999999999994,18.0
6464,2687,-26537,1,3,4,25.0,-0.055624999999999994,69.0
6477,1657,2693,4,3,7,57.14,0.008342857142857148,26.857142857142858
6491,11115,81835,5,2,7,71.43,0.03681428571428572,13.285714285714286
6504,3978,22972,3,1,4,75.0,0.043925000000000006,21.75
6505,7938,-43878,6,9,15,40.0,-0.025759999999999995,51.8
6515,0,0,0,0,0,0.0,,
6525,1279,-9899,1,2,3,33.33,-0.03903333333333333,51.333333333333336
6531,8196,-136386,1,4,5,20.0,-0.06558,8.0
6533,11253,145547,4,1,5,80.0,0.053880000000000004,21.6
6541,3448,-55528,1,6,7,14.29,-0.07695714285714285,12.0
6552,1526,2564,3,2,5,60.0,0.014080000000000004,20.4
6558,780,7270,3,1,4,75.0,0.04390000000000001,18.75
6573,0,0,0,0,0,0.0,,
6579,1783,-2903,2,2,4,50.0,-0.005849999999999994,52.25
6581,2955,-2455,3,2,5,60.0,0.014060000000000007,60.6
6582,3779,56261,5,0,5,100.0,0.0937,14.0
6591,1420,11750,3,1,4,75.0,0.043925000000000006,33.0
6592,1724,9756,2,1,3,66.67,0.027333333333333338,40.666666666666664
6598,0,0,0,0,0,0.0,,
6605,9427,14263,10,7,17,58.82,0.011717647058823536,54.94117647058823
6625,219,-4269,0,1,1,0.0,-0.1054,2.0
6641,1170,7270,2,1,3,66.67,0.03540000000000001,119.66666666666667
6655,1662,10698,3,1,4,75.0,0.04395,27.0
6666,0,0,0,0,0,0.0,,
6668,1111,10059,2,1,3,66.67,0.043100000000000006,37.666666666666664
6669,25401,-119801,3,3,6,50.0,-0.005849999999999994,20.5
6670,2189,32611,2,0,2,100.0,0.0937,21.5
6671,501,459,1,1,2,50.0,-0.005849999999999994,79.5
6672,1518,5692,1,1,2,50.0,-0.005849999999999994,12.0
6674,350,5230,2,0,2,100.0,0.0937,36.0
6698,0,0,0,0,0,0.0,,
6706,3552,5498,2,1,3,66.67,0.027333333333333338,8.333333333333334
6715,850,12650,1,0,1,100.0,0.0937,14.0
6743,0,0,0,0,0,0.0,,
6754,249,-4859,0,1,1,0.0,-0.1054,141.0
6756,0,0,0,0,0,0.0,,
8011,1229,-17639,1,6,7,14.29,-0.07697142857142857,11.142857142857142
8016,16711,51769,13,9,22,59.09,0.012259090909090914,31.272727272727273
8021,3463,-11453,8,10,18,44.44,-0.01682777777777778,21.444444444444443
8028,2228,-5428,5,6,11,45.45,-0.015599999999999998,52.90909090909091
8033,1576,-1006,6,7,13,46.15,-0.013792307692307694,13.461538461538462
8039,3209,6301,8,4,12,66.67,0.027333333333333338,26.416666666666668
8046,10860,28360,7,3,10,70.0,0.033990000000000006,15.2
8070,14540,-27000,11,10,21,52.38,-0.0010999999999999944,26.047619047619047
8072,9998,-81458,6,11,17,35.29,-0.035135294117647056,64.0
8081,23313,110077,15,5,20,75.0,0.043925000000000006,18.4
8101,1368,7552,6,4,10,60.0,0.01365,23.1
8103,4374,-26114,6,11,17,35.29,-0.035123529411764706,25.647058823529413
8104,1359,-26479,0,2,2,0.0,-0.1054,6.0
8105,1722,-8202,5,6,11,45.45,-0.014845454545454545,22.181818181818183
8110,952,1228,7,5,12,58.33,0.009991666666666668,22.666666666666668
8112,2218,-10308,7,8,15,46.67,-0.012633333333333331,39.06666666666667
8114,5459,-8879,5,5,10,50.0,-0.005839999999999995,48.9
8131,2181,13869,8,3,11,72.73,0.03942727272727273,38.27272727272727
8150,1609,-3799,3,4,7,42.86,-0.02001428571428571,27.285714285714285
8163,1830,-16440,3,6,9,33.33,-0.038988888888888885,30.444444444444443
8201,940,-5630,3,7,10,30.0,-0.04582,29.9
8210,4030,-2610,9,8,17,52.94,-2.352941176470166e-05,31.823529411764707
8213,2577,5163,7,4,11,63.64,0.021281818181818183,28.636363636363637
8215,1359,-1409,5,4,9,55.56,0.005300000000000003,13.0
8222,457,4113,3,1,4,75.0,0.044075,17.75
8249,2888,-8158,9,10,19,47.37,-0.011057894736842103,24.473684210526315
8261,3059,14801,8,4,12,66.67,0.027375000000000007,18.0
8271,2908,-8398,7,7,14,50.0,-0.005785714285714283,36.785714285714285
8341,11883,-19283,6,4,10,60.0,0.014060000000000007,35.0
8367,162,2408,1,0,1,100.0,0.0937,59.0
8374,1875,15315,8,3,11,72.73,0.03944545454545455,40.81818181818182
8404,1421,6769,5,2,7,71.43,0.03684285714285714,18.714285714285715
8411,1054,-11794,3,2,5,60.0,0.014200000000000004,22.0
8422,14374,-28074,6,7,13,46.15,-0.013507692307692302,98.0
8429,440,-6610,1,1,2,50.0,-0.007149999999999997,30.5
8442,730,-2900,1,1,2,50.0,-0.005849999999999994,73.0
8443,225,635,2,1,3,66.67,0.02666666666666667,80.0
8454,31574,46176,5,5,10,50.0,-0.005849999999999994,36.5
8462,7578,5832,5,3,8,62.5,0.019037500000000006,21.25
8463,695,-5115,2,2,4,50.0,-0.005849999999999994,11.5
8464,9527,38123,3,2,5,60.0,0.014060000000000007,41.6
8466,1632,-3952,2,2,4,50.0,-0.005849999999999994,20.25
8467,1375,6795,3,1,4,75.0,0.043925000000000006,18.0
8473,809,12051,2,0,2,100.0,0.0937,25.0
8478,1017,6503,2,1,3,66.67,0.027333333333333338,5.0
8480,2361,10239,2,1,3,66.67,0.027333333333333338,86.33333333333333
8481,1478,22032,4,0,4,100.0,0.093725,57.25
8482,2120,-15470,1,2,3,33.33,-0.03903333333333333,78.33333333333333
8488,95,-1845,0,1,1,0.0,-0.1051,136.0
8499,2714,40436,4,0,4,100.0,0.0937,29.25
8926,2161,12299,12,5,17,70.59,0.03737058823529412,126.23529411764706
8940,1123,537,5,3,8,62.5,0.019175,56.625
8996,3881,-44311,4,10,14,28.57,-0.04848571428571428,17.071428571428573
9802,4483,7107,5,3,8,62.5,0.019037500000000006,19.375
9902,1200,-5850,7,10,17,41.18,-0.025052941176470587,49.88235294117647
9904,3144,-10684,8,9,17,47.06,-0.011635294117647061,48.588235294117645
9905,2249,-10889,6,9,15,40.0,-0.021973333333333327,134.86666666666667
9906,1411,12999,6,3,9,66.67,0.02701111111111111,18.77777777777778
9907,1997,273,11,9,20,55.0,0.0038550000000000034,23.5
9908,1933,10707,11,4,15,73.33,0.044759999999999994,233.2
9910,9285,-63725,9,8,17,52.94,5.8823529411807205e-06,49.529411764705884
9911,2838,-6038,9,9,18,50.0,-0.00588333333333333,46.72222222222222
9912,1581,2229,12,9,21,57.14,0.007147619047619051,24.142857142857142
9914,11637,14683,12,7,19,63.16,0.020352631578947372,34.63157894736842
9917,4766,11984,8,5,13,61.54,0.01712307692307693,99.23076923076923
9918,2319,22181,12,3,15,80.0,0.05392,214.53333333333333
9919,2353,787,9,8,17,52.94,5.294117647058975e-05,32.0
9921,18542,157388,14,6,20,70.0,0.03397000000000001,42.3
9924,3146,-13846,8,9,17,47.06,-0.01635294117647059,42.23529411764706
9925,2382,-382,8,6,14,57.14,0.006014285714285714,228.21428571428572
9926,4455,21885,18,7,25,72.0,0.037984000000000004,155.04
9927,3317,28903,13,3,16,81.25,0.0564,85.9375
9928,1050,-2780,5,7,12,41.67,-0.023841666666666664,22.916666666666668
9929,803,47,8,4,12,66.67,0.023825000000000002,51.083333333333336
9930,4232,13098,11,5,16,68.75,0.03676875,123.1875
9931,1973,2027,9,5,14,64.29,0.022521428571428578,147.71428571428572
9933,3666,9774,11,6,17,64.71,0.023464705882352943,52.294117647058826
9934,2177,2083,8,5,13,61.54,0.017169230769230773,57.46153846153846
9935,1799,-1379,9,7,16,56.25,0.005775000000000004,32.1875
9937,2938,6072,8,6,14,57.14,0.01571428571428572,164.0
9938,5218,-14168,9,10,19,47.37,-0.011084210526315785,26.0
9939,5139,-22209,7,11,18,38.89,-0.027961111111111103,41.611111111111114
9940,7504,77996,17,3,20,85.0,0.06384000000000004,62.45
9941,11256,-40796,12,13,25,48.0,-0.009819999999999995,62.2
9942,5939,-1019,10,8,18,55.56,0.0052166666666666715,80.16666666666667
9943,5058,-14868,10,9,19,52.63,-0.0005999999999999982,67.26315789473684
9944,2047,6293,6,6,12,50.0,-0.005824999999999994,62.916666666666664
9945,6262,-7492,13,11,24,54.17,0.0023458333333333365,53.75
9946,1208,-598,6,5,11,54.55,0.0030636363636363643,30.636363636363637
9955,3586,-18976,6,8,14,42.86,-0.020035714285714285,28.571428571428573
9958,2931,999,6,3,9,66.67,0.026811111111111115,24.555555555555557
1312A,2713,4817,14,8,22,63.64,0.021254545454545457,123.9090909090909
2002A,3162,3188,8,5,13,61.54,0.01714615384615385,363.3076923076923
2836A,133,-1033,0,1,1,0.0,-0.044,500.0
2838A,303,-903,0,1,1,0.0,-0.0173,1420.0
2881A,356,-56,0,1,1,0.0,-0.0009,2205.0
2881B,354,-1154,0,1,1,0.0,-0.0189,1444.0
2882A,355,-3355,0,1,1,0.0,-0.0533,1896.0
2882B,353,-1853,0,1,1,0.0,-0.0301,1381.0
2887E,302,-1502,0,1,1,0.0,-0.0286,1772.0
2887F,297,-5047,0,1,1,0.0,-0.0929,1073.0
2888A,235,-3285,0,1,1,0.0,-0.0773,255.0
2888B,235,-3685,0,1,1,0.0,-0.0862,253.0
2891B,359,-1059,0,1,1,0.0,-0.0171,1548.0
2891C,357,-3457,0,1,1,0.0,-0.0544,1051.0
2897A,70,-270,0,1,1,0.0,-0.0262,836.0
3702A,287,-2037,0,1,1,0.0,-0.0404,790.0
5871A,582,-782,0,1,1,0.0,-0.0079,580.0
9941A,299,-2499,0,1,1,0.0,-0.0472,1263.0
1240,985,2175,2,1,3,66.67,0.02730000000000001,51.0
1258,487,3443,2,1,3,66.67,0.04750000000000001,7.0
1259,2342,-4482,3,2,5,60.0,-0.004159999999999995,180.6
1264,10922,-3422,4,4,8,50.0,-0.005849999999999994,112.625
1268,3860,-75210,0,5,5,0.0,-0.10539999999999998,64.6
1336,955,-1435,5,4,9,55.56,0.005177777777777783,24.22222222222222
1565,53302,-208522,11,11,22,50.0,-0.005849999999999994,41.77272727272727
1569,1567,373,5,3,8,62.5,0.0191375,21.875
1570,1630,3390,9,7,16,56.25,0.0063999999999999994,34.1875
1580,9083,-61653,6,8,14,42.86,-0.020049999999999995,45.714285714285715
1584,831,-521,5,4,9,55.56,0.004755555555555558,17.22222222222222
1586,1928,-2508,5,4,9,55.56,0.005211111111111115,47.333333333333336
1591,777,7813,3,1,4,75.0,0.044024999999999995,25.0
1593,1759,12611,5,2,7,71.43,0.036885714285714286,52.142857142857146
1595,3367,-30137,3,7,10,30.0,-0.04565999999999999,37.4
1599,1584,1606,4,2,6,66.67,0.027366666666666668,74.0
1742,3137,23443,12,4,16,75.0,0.043868750000000005,41.75
1752,3170,6280,8,5,13,61.54,0.017176923076923076,18.23076923076923
1777,5129,3401,9,5,14,64.29,0.02260714285714286,77.64285714285714
1781,1692,-1112,6,4,10,60.0,0.01403,17.4
1784,3029,-13659,4,5,9,44.44,-0.016888888888888884,9.222222222222221
1785,7652,75268,11,5,16,68.75,0.03150000000000001,35.4375
1788,7359,30991,8,4,12,66.67,0.027333333333333338,139.5
1796,898,4892,3,1,4,75.0,0.043975,70.5
1799,1443,4277,6,3,9,66.67,0.02735555555555556,10.777777777777779
1813,1795,-9085,4,6,10,40.0,-0.025679999999999998,58.9
1815,1116,-6176,4,7,11,36.36,-0.03316363636363636,20.272727272727273
2035,2243,2617,6,4,10,60.0,0.014050000000000007,89.3
2061,735,6485,6,1,7,85.71,0.06468571428571428,17.571428571428573
2063,1347,103,4,3,7,57.14,0.00845714285714286,34.142857142857146
2064,723,-3873,3,3,6,50.0,-0.0065000000000000014,9.166666666666666
2065,1754,-4224,4,3,7,57.14,0.00838571428571429,77.57142857142857
2066,1737,-33867,0,3,3,0.0,-0.1054,50.0
2067,330,-6190,0,4,4,0.0,-0.10559999999999999,43.5
2070,181,2689,1,0,1,100.0,0.0937,8.0
2221,1336,-12026,3,7,10,30.0,-0.04573999999999999,34.4
2230,594,396,3,3,6,50.0,-0.005750000000000001,44.0
2235,1271,-11971,1,2,3,33.33,-0.03903333333333333,67.66666666666667
2596,676,1484,4,2,6,66.67,0.027433333333333327,146.66666666666666
2640,4315,-6315,4,5,9,44.44,-0.016911111111111106,32.44444444444444
2641,233,827,2,1,3,66.67,0.0263,10.0
2643,2267,11293,6,2,8,75.0,0.0439625,46.75
2718,929,-1099,3,2,5,60.0,0.014119999999999999,93.0
2719,552,-4872,1,4,5,20.0,-0.0658,24.4
2724,553,-8923,1,3,4,25.0,-0.0583,15.25
2726,3154,-7054,4,3,7,57.14,0.008371428571428577,64.85714285714286
2729,3247,48353,2,0,2,100.0,0.0937,227.5
2732,7493,31857,7,3,10,70.0,0.03397000000000001,21.8
2734,511,-6251,1,3,4,25.0,-0.055825,18.5
2736,205,335,1,1,2,50.0,-0.005600000000000001,10.0
2740,796,7704,4,1,5,80.0,0.05392,13.6
2743,144,-2804,0,1,1,0.0,-0.1054,5.0
2745,919,6171,4,1,5,80.0,0.0539,23.0
2752,2541,-12641,1,2,3,33.33,-0.03903333333333333,117.66666666666667
2754,486,7244,1,0,1,100.0,0.0937,283.0
2755,835,12435,2,0,2,100.0,0.0937,30.5
2916,1638,14812,10,2,12,83.33,0.060575,115.83333333333333
2924,2161,-3261,3,4,7,42.86,-0.020071428571428566,133.71428571428572
2926,1889,-36839,0,2,2,0.0,-0.1054,134.0
2937,572,4118,3,1,4,75.0,0.043925000000000006,76.25
3064,5446,57964,8,3,11,72.73,0.0394,10.818181818181818
3066,875,95,5,6,11,45.45,-0.01699090909090909,44.63636363636363
3067,1183,1067,5,3,8,62.5,0.019000000000000003,36.0
3071,976,-9656,3,8,11,27.27,-0.052009090909090915,18.0
3073,630,2790,2,2,4,50.0,-0.006774999999999996,12.25
3078,3043,11627,11,7,18,61.11,0.016211111111111114,15.777777777777779
3081,1628,-31728,0,1,1,0.0,-0.1054,59.0
3083,7101,-14471,8,6,14,57.14,0.008378571428571433,13.5
3085,1524,12246,6,4,10,60.0,0.013550000000000006,22.2
3086,3203,20187,8,8,16,50.0,-0.005937499999999997,9.6875
3088,3606,-156,7,6,13,53.85,0.0018307692307692341,36.76923076923077
3089,1915,-3615,6,7,13,46.15,-0.01383076923076923,13.0
3092,1228,5932,4,3,7,57.14,0.008285714285714289,11.857142857142858
3093,4882,-14142,7,7,14,50.0,-0.0058428571428571375,37.92857142857143
3095,1599,3041,6,3,9,66.67,0.024455555555555553,19.77777777777778
3105,15978,4642,8,5,13,61.54,0.017130769230769234,23.384615384615383
3114,1884,2966,11,5,16,68.75,0.0314875,22.375
3115,929,-9449,3,7,10,30.0,-0.045799999999999993,30.8
3118,1973,-3663,5,4,9,55.56,0.005255555555555557,24.333333333333332
3122,201,569,1,1,2,50.0,-0.0058999999999999955,8.5
3128,2856,-23216,8,12,20,40.0,-0.025885,18.25
3131,11925,27875,6,3,9,66.67,0.027333333333333338,11.333333333333334
3141,1954,-9854,4,2,6,66.67,0.02733333333333333,18.166666666666668
3147,1478,-9168,4,4,8,50.0,-0.005887499999999997,17.625
3152,24407,192883,13,3,16,81.25,0.05636875000000001,27.5
3162,1177,-1997,6,5,11,54.55,0.0019090909090909082,22.818181818181817
3163,2522,8488,5,2,7,71.43,0.03682857142857143,16.285714285714285
3169,1824,-7014,3,5,8,37.5,-0.030687499999999996,18.625
3171,2035,-6225,9,10,19,47.37,-0.011421052631578945,33.10526315789474
3176,5900,-26090,3,3,6,50.0,-0.005849999999999994,8.0
3178,1942,-5332,5,4,9,55.56,0.005011111111111115,16.444444444444443
3188,1623,-5153,7,5,12,58.33,0.010775000000000002,33.333333333333336
3191,1814,16606,9,3,12,75.0,0.04391666666666666,9.333333333333334
3202,793,-3613,4,4,8,50.0,-0.006612499999999993,22.875
3205,5720,-12220,9,6,15,60.0,0.013920000000000004,14.266666666666667
3206,1626,12774,7,3,10,70.0,0.03408,26.0
3207,1163,-6463,4,7,11,36.36,-0.03326363636363636,24.272727272727273
3211,7818,-40288,7,9,16,43.75,-0.018287499999999995,32.25
3213,5074,1496,9,7,16,56.25,0.006612500000000004,61.5625
3217,2509,-15209,7,7,14,50.0,-0.005771428571428571,23.785714285714285
3218,5089,-3819,8,4,12,66.67,0.027308333333333337,25.833333333333332
3219,582,348,3,3,6,50.0,-0.006366666666666662,13.833333333333334
3221,2766,-6036,8,7,15,53.33,0.0008133333333333363,8.266666666666667
3224,2502,3378,9,6,15,60.0,0.013406666666666671,19.066666666666666
3226,4874,-28194,7,11,18,38.89,-0.028122222222222222,57.666666666666664
3227,15307,-6667,7,7,14,50.0,-0.005849999999999994,16.5
3228,7038,-10028,5,7,12,41.67,-0.022399999999999993,12.75
3230,764,-4664,5,3,8,62.5,0.0167625,21.375
3232,2023,2497,8,5,13,61.54,0.01713076923076923,14.846153846153847
3234,3325,12725,7,4,11,63.64,0.02132727272727273,15.181818181818182
3236,1658,-6148,5,6,11,45.45,-0.014827272727272729,12.727272727272727
3252,1521,14539,9,3,12,75.0,0.04055833333333334,13.416666666666666
3259,2179,-14559,5,7,12,41.67,-0.022449999999999998,25.333333333333332
3260,3686,21744,8,3,11,72.73,0.039390909090909094,27.454545454545453
3264,3114,-19664,7,12,19,36.84,-0.03200526315789474,46.1578947368421
3265,3032,-12222,7,9,16,43.75,-0.01833125,18.0
3268,744,-2734,2,4,6,33.33,-0.03896666666666666,33.5
3272,1061,-20681,0,2,2,0.0,-0.10544999999999999,9.5
3276,1060,-2980,6,6,12,50.0,-0.006100000000000001,21.0
3284,1248,2182,9,6,15,60.0,0.013613333333333337,18.2
3285,735,-2095,3,3,6,50.0,-0.005683333333333332,10.833333333333334
3287,926,-1626,6,5,11,54.55,0.0021272727272727263,15.545454545454545
3288,2698,-24348,6,8,14,42.86,-0.02041428571428571,11.928571428571429
3289,5346,41544,10,3,13,76.92,0.04776923076923078,24.307692307692307
3290,2130,7690,13,6,19,68.42,0.030515789473684208,14.526315789473685
3293,34251,-87231,9,8,17,52.94,5.8823529411823536e-06,19.823529411764707
3294,1071,-2261,5,5,10,50.0,-0.005759999999999999,21.1
3297,2629,1371,7,9,16,43.75,-0.018324999999999998,20.6875
3303,2042,-18792,5,10,15,33.33,-0.039019999999999985,36.53333333333333
3306,3614,15746,11,4,15,73.33,0.040586666666666674,28.8
3310,1818,12142,9,3,12,75.0,0.043833333333333335,18.833333333333332
3313,1666,3234,3,5,8,37.5,-0.030837499999999997,10.75
3317,2816,16534,11,3,14,78.57,0.05116428571428571,13.0
3322,374,-984,2,3,5,40.0,-0.026639999999999997,43.2
3323,2289,-9789,5,6,11,45.45,-0.014836363636363632,14.727272727272727
3324,8786,35924,13,4,17,76.47,0.04674117647058824,11.294117647058824
3325,2230,16560,9,3,12,75.0,0.04397499999999999,18.083333333333332
3332,2566,3674,6,4,10,60.0,0.014060000000000007,98.8
3339,1228,-6238,5,5,10,50.0,-0.007170000000000001,9.6
3354,656,-10346,1,5,6,16.67,-0.0727,11.666666666666666
3360,1283,-873,7,5,12,58.33,0.01025,19.333333333333332
3362,3536,364,9,7,16,56.25,0.0066625,11.3125
3363,1937,8873,7,3,10,70.0,0.034069999999999996,21.4
3372,1031,-481,5,7,12,41.67,-0.023475,17.0
3373,1179,-10439,2,4,6,33.33,-0.03903333333333333,15.666666666666666
3374,4507,-63977,2,7,9,22.22,-0.06113333333333334,17.333333333333332
3379,141,-2381,0,2,2,0.0,-0.1058,49.0
3388,12155,-19155,11,9,20,55.0,0.004105000000000006,71.05
3390,2476,-1626,8,7,15,53.33,0.003173333333333336,24.0
3402,2515,5655,9,5,14,64.29,0.022600000000000006,29.857142857142858
3426,229,3421,1,0,1,100.0,0.0937,21.0
3434,645,1805,4,3,7,57.14,0.008042857142857143,59.285714285714285
3438,5206,-20096,7,4,11,63.64,0.02133636363636364,12.181818181818182
3441,790,3010,2,1,3,66.67,0.027333333333333338,9.333333333333334
3444,1723,-11673,4,6,10,40.0,-0.0257,19.1
3455,3950,-4100,9,5,14,64.29,0.022628571428571435,27.142857142857142
3465,3820,4260,9,6,15,60.0,0.01344666666666667,6.933333333333334
3466,2246,4114,5,4,9,55.56,0.005155555555555558,28.22222222222222
3479,1997,-17947,2,4,6,33.33,-0.039016666666666665,39.166666666666664
3483,3335,18645,7,4,11,63.64,0.021318181818181823,18.727272727272727
3484,3521,-6611,6,6,12,50.0,-0.005808333333333332,39.5
3489,1039,251,4,5,9,44.44,-0.017044444444444442,9.777777777777779
3490,2436,-7396,5,6,11,45.45,-0.014890909090909088,16.09090909090909
3491,4221,1559,6,4,10,60.0,0.014060000000000007,25.2
3492,535,-5865,1,2,3,33.33,-0.03903333333333333,21.333333333333332
3498,3424,-11924,4,6,10,40.0,-0.02572,15.8
3499,408,3102,3,1,4,75.0,0.04385,11.0
3508,3745,-28825,4,8,12,33.33,-0.03899166666666667,10.416666666666666
3511,1842,-17022,2,5,7,28.57,-0.04851428571428571,9.571428571428571
3512,2671,-21621,7,8,15,46.67,-0.012506666666666662,6.466666666666667
3516,1205,-2185,7,6,13,53.85,0.001423076923076919,20.53846153846154
3520,3155,-18795,6,5,11,54.55,0.003136363636363639,15.818181818181818
3521,1686,2924,9,5,14,64.29,0.02263571428571429,7.714285714285714
3522,1189,-7789,5,4,9,55.56,0.005188888888888892,24.22222222222222
3523,1970,-1530,5,5,10,50.0,-0.005819999999999999,32.5
3526,3854,24596,6,4,10,60.0,0.014050000000000007,17.1
3527,10414,-46474,5,10,15,33.33,-0.03903333333333332,19.8
3529,45038,65122,6,4,10,60.0,0.014060000000000007,22.9
3531,1480,6960,7,4,11,63.64,0.021372727272727276,51.36363636363637
3537,1855,-3055,6,5,11,54.55,0.00322727272727273,20.90909090909091
3540,3235,-11115,4,6,10,40.0,-0.025739999999999996,16.2
3541,8326,-47456,7,10,17,41.18,-0.02342941176470588,29.823529411764707
3546,5184,47416,6,2,8,75.0,0.043925000000000006,13.0
3548,4207,28713,9,3,12,75.0,0.043933333333333345,18.916666666666668
3551,3305,4655,7,4,11,63.64,0.021309090909090913,39.36363636363637
3552,18043,44127,9,6,15,60.0,0.014060000000000007,14.4
3555,1310,-2970,3,3,6,50.0,-0.006116666666666659,46.666666666666664
3556,3818,-17768,4,6,10,40.0,-0.025739999999999996,57.8
3558,12297,-18647,6,6,12,50.0,-0.005849999999999994,28.0
3564,689,5061,3,1,4,75.0,0.044075,18.75
3567,975,1745,4,3,7,57.14,0.008357142857142863,37.42857142857143
3570,4500,-9410,6,5,11,54.55,0.003200000000000006,48.45454545454545
3577,2936,-1406,5,4,9,55.56,0.0052444444444444465,32.77777777777778
3580,1964,-13464,6,5,11,54.55,0.0023818181818181846,8.454545454545455
3581,904,-574,4,3,7,57.14,0.008499999999999999,10.0
3587,4858,14412,7,5,12,58.33,0.010725000000000007,21.166666666666668
3594,649,-5969,1,2,3,33.33,-0.03903333333333333,9.666666666666666
3597,821,2059,5,2,7,71.43,0.0368,253.28571428571428
3609,406,3034,3,1,4,75.0,0.044175000000000006,112.75
3611,10352,-71772,4,7,11,36.36,-0.032999999999999995,30.727272727272727
3615,1904,-21204,3,4,7,42.86,-0.02,17.571428571428573
3623,1489,-8679,3,3,6,50.0,-0.005833333333333332,33.666666666666664
3624,1141,-15891,1,6,7,14.29,-0.07692857142857144,21.571428571428573
3625,1687,-9907,5,8,13,38.46,-0.02888461538461538,15.76923076923077
3628,1260,-4000,2,3,5,40.0,-0.02577999999999999,74.6
3629,1156,5084,3,3,6,50.0,-0.006616666666666664,17.333333333333332
3630,5021,-10371,5,7,12,41.67,-0.014616666666666661,13.083333333333334
3631,1641,14809,5,2,7,71.43,0.03681428571428571,28.285714285714285
3632,1512,868,4,2,6,66.67,0.027166666666666672,24.0
3642,1201,-3481,4,4,8,50.0,-0.0058875,16.5
3646,1044,-4564,4,5,9,44.44,-0.016922222222222217,22.22222222222222
3652,1026,4924,6,2,8,75.0,0.044062500000000004,21.25
3663,378,5642,3,0,3,100.0,0.0938,74.66666666666667
3664,1036,-436,5,4,9,55.56,0.004900000000000005,15.11111111111111
3666,599,2361,2,1,3,66.67,0.02726666666666667,11.0
3672,937,-7737,2,4,6,33.33,-0.03903333333333333,27.833333333333332
3675,4590,9800,6,4,10,60.0,0.014050000000000002,18.4
3680,6438,63552,6,4,10,60.0,0.014070000000000004,15.7
3684,1165,9835,4,1,5,80.0,0.0539,51.6
3685,1022,-3402,3,2,5,60.0,0.014180000000000003,8.6
3687,1575,5465,3,3,6,50.0,-0.005849999999999994,16.333333333333332
3689,2092,-1612,4,3,7,57.14,0.008385714285714288,25.857142857142858
3691,27526,198224,7,3,10,70.0,0.03397000000000001,19.8
3693,2646,25344,5,1,6,83.33,0.04683333333333334,10.0
3707,1514,-18014,2,3,5,40.0,-0.02572,9.8
3709,635,-2155,2,2,4,50.0,-0.0058,72.5
3710,342,48,3,2,5,60.0,0.012339999999999999,20.0
3713,659,2751,1,1,2,50.0,-0.005849999999999994,40.0
4102,1896,9954,7,4,11,63.64,0.021363636363636366,19.454545454545453
4105,4880,-2660,6,5,11,54.55,0.003209090909090914,48.54545454545455
4107,6078,21032,12,5,17,70.59,0.03514705882352942,28.176470588235293
4109,1581,6859,8,3,11,72.73,0.0394909090909091,24.818181818181817
4111,1585,-5975,6,6,12,50.0,-0.0058499999999999976,44.333333333333336
4113,1214,6166,8,4,12,66.67,0.026633333333333332,67.83333333333333
4114,1627,-15557,2,7,9,22.22,-0.061222222222222226,42.22222222222222
4116,1171,11109,4,1,5,80.0,0.053880000000000004,24.8
4120,4134,-4674,9,5,14,64.29,0.0226,35.285714285714285
4121,960,-1990,5,4,9,55.56,0.005222222222222227,23.0
4123,4371,22049,8,4,12,66.67,0.027350000000000003,26.833333333333332
4126,8070,-10670,10,9,19,52.63,-0.00061052631578947,54.94736842105263
4127,1983,6357,9,5,14,64.29,0.02250714285714286,20.928571428571427
4128,1138,2332,4,2,6,66.67,0.027383333333333332,33.333333333333336
4129,5297,1623,12,9,21,57.14,0.012004761904761907,19.761904761904763
4130,1720,-10140,2,4,6,33.33,-0.039049999999999994,48.166666666666664
4131,2250,17060,9,4,13,69.23,0.0385923076923077,11.076923076923077
4138,2835,12165,4,3,7,57.14,0.00838571428571429,98.42857142857143
4139,2025,-15145,2,3,5,40.0,-0.025759999999999995,30.8
4147,4935,1365,2,2,4,50.0,-0.005849999999999994,13.75
4153,3338,-17278,6,5,11,54.55,0.003209090909090914,13.090909090909092
4154,1270,-14350,2,4,6,33.33,-0.03903333333333333,40.5
4157,129,1941,1,0,1,100.0,0.0938,2.0
4160,480,-6560,0,3,3,0.0,-0.07083333333333333,92.66666666666667
4161,1544,5226,2,2,4,50.0,-0.005799999999999996,15.25
4162,4589,-89439,0,4,4,0.0,-0.1054,19.0
4163,6148,20932,5,3,8,62.5,0.019037500000000006,67.125
4167,374,5566,2,0,2,100.0,0.09384999999999999,20.5
4168,1341,-12841,2,2,4,50.0,-0.005849999999999994,20.0
4171,3305,27885,2,2,4,50.0,-0.005849999999999994,13.0
4173,273,-713,1,1,2,50.0,-0.005600000000000001,10.0
4174,5267,45533,3,1,4,75.0,0.043925000000000006,20.75
4175,2110,-11380,2,3,5,40.0,-0.025759999999999995,93.4
4183,113,-2183,0,1,1,0.0,-0.1052,36.0
4188,1029,-9019,2,4,6,33.33,-0.039066666666666666,36.166666666666664
4192,1618,-7718,1,4,5,20.0,-0.06558,49.6
4198,56,434,1,0,1,100.0,0.0882,16.0
4205,5612,43718,17,2,19,89.47,0.07277894736842105,107.3157894736842
4207,1262,2028,9,6,15,60.0,0.013813333333333334,43.86666666666667
4303,2740,26980,17,3,20,85.0,0.06110000000000001,29.65
4304,1387,-6637,6,11,17,35.29,-0.03638235294117648,17.176470588235293
4305,1559,1471,6,4,10,60.0,0.01402,158.1
4401,4244,32516,8,6,14,57.14,0.007928571428571432,38.785714285714285
4402,1577,-3477,13,12,25,52.0,-0.005204000000000003,12.2
4406,843,-943,6,7,13,46.15,-0.015707692307692308,40.38461538461539
4413,696,-7756,5,3,8,62.5,-0.007487500000000008,347.0
4416,4035,-25585,6,5,11,54.55,0.0028000000000000043,64.72727272727273
4417,2358,9562,13,5,18,72.22,0.03818333333333333,65.11111111111111
4419,582,2248,5,3,8,62.5,0.017849999999999998,11.375
4420,2684,25536,14,3,17,82.35,0.05855294117647059,97.82352941176471
4430,818,-2388,2,2,4,50.0,-0.005799999999999996,57.75
4432,333,4967,2,0,2,100.0,0.0938,2.0
4433,830,7140,3,1,4,75.0,0.04395,11.0
4502,2289,18221,8,6,14,57.14,0.012964285714285715,27.928571428571427
4503,1494,-18504,4,8,12,33.33,-0.040841666666666665,19.75
4506,3651,40279,18,2,20,90.0,0.073645,95.4
4510,903,1367,7,4,11,63.64,0.020545454545454547,47.63636363636363
4513,1348,-2688,8,8,16,50.0,-0.009743749999999997,28.5
4523,1521,16689,8,1,9,88.89,0.07138888888888889,12.88888888888889
4527,2212,-2462,9,6,15,60.0,0.013986666666666673,112.93333333333334
4528,4219,6521,11,9,20,55.0,0.004040000000000002,35.7
4529,971,5349,6,3,9,66.67,0.027166666666666665,24.22222222222222
4530,611,2049,6,3,9,66.67,0.025344444444444447,16.11111111111111
4533,1486,7104,9,4,13,69.23,0.03235384615384616,50.92307692307692
4534,1737,9433,8,6,14,57.14,0.007342857142857145,24.928571428571427
4535,5848,-5468,11,10,21,52.38,-0.0011095238095238057,66.95238095238095
4538,674,5926,5,1,6,83.33,0.06053333333333333,206.66666666666666
4541,917,11623,5,0,5,100.0,0.07976000000000001,21.8
4542,752,-5002,2,3,5,40.0,-0.025759999999999995,25.6
4543,388,322,2,1,3,66.67,0.02726666666666667,44.333333333333336
4549,3465,-45,4,3,7,57.14,0.008371428571428577,41.714285714285715
4550,743,1977,3,2,5,60.0,0.014080000000000004,28.4
4554,940,4720,4,2,6,66.67,0.0273,15.166666666666666
4556,618,7012,3,0,3,100.0,0.06766666666666667,62.0
4561,901,-10591,1,4,5,20.0,-0.0655,22.8
4563,417,-8117,0,1,1,0.0,-0.1054,32.0
4568,408,-7948,0,1,1,0.0,-0.1054,33.0
4580,616,-12016,0,1,1,0.0,-0.1054,14.0
4609,1065,-2875,7,7,14,50.0,-0.007292857142857143,27.642857142857142
4702,435,165,4,2,6,66.67,0.023649999999999994,6.666666666666667
4706,1392,4768,10,5,15,66.67,0.02708666666666667,97.06666666666666
4707,1614,11096,9,5,14,64.29,0.021992857142857144,48.42857142857143
4711,1577,10703,12,4,16,75.0,0.043825,72.8125
4712,868,7232,7,2,9,77.78,0.048755555555555566,18.22222222222222
4714,1666,11154,15,4,19,78.95,0.05154736842105263,36.78947368421053
4716,1519,-5289,7,4,11,63.64,0.02138181818181818,17.0
4721,2771,-4911,7,6,13,53.85,0.0017846153846153888,15.538461538461538
4726,1249,-15049,1,5,6,16.67,-0.07223333333333333,14.666666666666666
4728,3295,17315,6,3,9,66.67,0.027333333333333338,29.77777777777778
4729,949,-8919,2,5,7,28.57,-0.04845714285714286,25.142857142857142
4735,863,777,3,2,5,60.0,0.014080000000000004,12.8
4736,5613,-22423,4,4,8,50.0,-0.005849999999999994,35.75
4741,2179,-4589,3,4,7,42.86,-0.020071428571428566,48.142857142857146
4743,4366,32084,7,4,11,63.64,0.021300000000000006,11.909090909090908
4744,878,-7858,1,4,5,20.0,-0.05266,15.4
4745,751,1239,2,1,3,66.67,0.027333333333333338,33.666666666666664
4747,444,-464,1,1,2,50.0,-0.005750000000000005,216.0
4754,1457,-6137,2,3,5,40.0,-0.021399999999999995,86.6
4760,1242,-12582,2,2,4,50.0,-0.005874999999999995,26.25
4767,275,-765,1,1,2,50.0,-0.0058,109.0
4804,97,1453,1,0,1,100.0,0.094,40.0
4806,140,-540,1,1,2,50.0,-0.006949999999999998,28.5
4903,1562,-8322,10,8,18,55.56,0.002966666666666665,11.944444444444445
4905,3942,-8122,10,11,21,47.62,-0.011057142857142856,30.761904761904763
4907,747,17223,5,5,10,50.0,0.40380000000000005,411.9
4908,3121,4859,11,7,18,61.11,0.016266666666666672,22.944444444444443
4909,4724,-16394,8,12,20,40.0,-0.025715,32.3
4911,2571,-2771,4,4,8,50.0,-0.005812499999999998,27.375
4924,1274,-11964,2,6,8,25.0,-0.044625,27.125
4931,578,-118,2,2,4,50.0,-0.008099999999999996,19.5
4933,2654,18016,4,4,8,50.0,-0.0058624999999999945,53.0
4939,364,3306,3,1,4,75.0,0.04315000000000001,15.0
4944,887,3723,4,2,6,66.67,0.027183333333333334,11.333333333333334
4945,499,7431,1,0,1,100.0,0.0937,4.0
4946,1592,-4072,3,2,5,60.0,0.014060000000000007,16.6
4950,1275,18995,9,0,9,100.0,0.09378888888888888,23.22222222222222
4953,1900,-13170,2,4,6,33.33,-0.039,23.0
4966,55724,-112474,7,7,14,50.0,-0.005849999999999994,25.928571428571427
4971,4085,-29995,3,6,9,33.33,-0.03903333333333333,19.77777777777778
4972,1398,-17958,1,6,7,14.29,-0.0672,80.28571428571429
4973,1239,12571,5,1,6,83.33,0.06051666666666667,29.333333333333332
4974,3134,-18014,4,8,12,33.33,-0.03906666666666666,52.416666666666664
4979,3211,-2981,6,6,12,50.0,-0.005824999999999997,14.333333333333334
4987,3948,-10138,5,6,11,45.45,-0.014899999999999995,49.36363636363637
4991,3257,-11087,3,5,8,37.5,-0.017687499999999995,17.25
4995,1960,-4940,5,4,9,55.56,0.005255555555555559,71.22222222222223
5009,3883,9167,14,11,25,56.0,0.006028000000000002,36.6
5011,184,10956,1,1,2,50.0,0.39625,2990.5
5013,2459,18751,15,4,19,78.95,0.05184210526315789,35.05263157894737
5014,784,5316,7,2,9,77.78,0.04886666666666666,19.555555555555557
5015,2718,-9898,7,9,16,43.75,-0.018287499999999998,28.5
5016,1922,17608,9,2,11,81.82,0.05752727272727272,84.27272727272727
5201,2141,4169,9,8,17,52.94,-0.0006529411764705898,15.0
5202,1248,-4738,6,8,14,42.86,-0.021085714285714287,30.714285714285715
5205,2331,-11301,4,7,11,36.36,-0.03342727272727273,17.0
5206,1202,4598,9,5,14,64.29,0.021500000000000002,46.214285714285715
5209,4895,30975,16,5,21,76.19,0.04625714285714286,37.904761904761905
5210,895,4845,8,4,12,66.67,0.02601666666666667,50.583333333333336
5211,1445,-3025,5,5,10,50.0,-0.005789999999999995,22.5
5212,2613,-5823,7,8,15,46.67,-0.012480000000000002,19.533333333333335
5213,1771,7849,9,4,13,69.23,0.03244615384615385,46.84615384615385
5220,1620,-1520,4,3,7,57.14,0.008385714285714288,19.714285714285715
5223,714,3726,2,1,3,66.67,0.027366666666666668,14.333333333333334
5227,1312,2758,3,3,6,50.0,-0.005866666666666663,16.833333333333332
5230,1008,15022,3,0,3,100.0,0.09373333333333334,32.333333333333336
5245,1448,13762,2,1,3,66.67,0.027333333333333338,15.0
5251,585,3075,3,1,4,75.0,0.044025,51.25
5263,8878,8672,2,4,6,33.33,-0.03903333333333333,25.5
5272,1579,23501,6,0,6,100.0,0.09378333333333333,3.6666666666666665
5274,80312,-184662,7,6,13,53.85,0.0018076923076923135,12.307692307692308
5276,873,5457,6,2,8,75.0,0.044000000000000004,36.25
5278,8995,35515,8,5,13,61.54,0.017107692307692317,22.846153846153847
5281,574,1876,2,1,3,66.67,0.027366666666666668,23.0
5287,7894,-97944,1,4,5,20.0,-0.06558,116.8
5289,7066,-60246,3,7,10,30.0,-0.045669999999999995,27.6
5291,304,896,2,1,3,66.67,0.02756666666666667,19.333333333333332
5299,3470,-38300,5,3,8,62.5,0.018912500000000006,26.5
5301,1672,8868,6,7,13,46.15,-0.016007692307692303,12.153846153846153
5302,1632,10088,10,5,15,66.67,0.026793333333333325,18.533333333333335
5306,8327,13563,16,8,24,66.67,0.025033333333333335,15.333333333333334
5309,1197,-3327,7,5,12,58.33,0.010191666666666668,17.916666666666668
5310,1973,3677,7,4,11,63.64,0.020345454545454552,37.81818181818182
5312,4077,-28347,6,7,13,46.15,-0.008730769230769226,74.3076923076923
5314,1023,-9013,4,11,15,26.67,-0.05503333333333333,11.533333333333333
5315,1522,6528,12,6,18,66.67,0.025438888888888886,14.5
5321,1958,-22678,7,10,17,41.18,-0.026288235294117644,16.176470588235293
5324,1525,9025,10,3,13,76.92,0.04277692307692308,21.615384615384617
5328,915,-1835,7,7,14,50.0,-0.008057142857142863,17.857142857142858
5340,1260,4310,7,8,15,46.67,-0.015139999999999997,28.8
5344,1259,-9749,6,8,14,42.86,-0.021135714285714285,8.857142857142858
5345,540,-2180,4,4,8,50.0,-0.00835,31.375
5347,6982,-18002,14,12,26,53.85,0.001776923076923082,24.615384615384617
5348,1875,-3885,8,11,19,42.11,-0.02388947368421053,11.842105263157896
5351,2488,18302,14,5,19,73.68,0.04114210526315789,17.105263157894736
5353,1608,-1848,8,10,18,44.44,-0.017561111111111114,42.22222222222222
5355,1762,5498,14,8,22,63.64,0.01962727272727273,24.136363636363637
5356,2742,5558,10,6,16,62.5,0.01865625,29.25
5364,2260,16590,7,2,9,77.78,0.04636666666666666,23.77777777777778
5371,5708,-16258,11,11,22,50.0,-0.005809090909090908,24.954545454545453
5381,921,-2291,7,7,14,50.0,-0.010457142857142856,20.928571428571427
5383,2066,-6,10,9,19,52.63,-0.0007631578947368414,15.947368421052632
5386,291,23829,1,1,2,50.0,1.5025,2982.0
5392,5909,-9549,9,8,17,52.94,-0.00011176470588234961,17.0
5398,1487,9953,11,3,14,78.57,0.04845714285714286,27.0
5403,4023,13607,13,10,23,56.52,0.0055304347826087,79.34782608695652
5410,1588,-1138,8,8,16,50.0,-0.0008999999999999998,67.0625
5425,3644,-434,12,8,20,60.0,0.014000000000000002,28.35
5426,1381,4559,9,6,15,60.0,0.013873333333333333,73.53333333333333
5432,2660,9310,13,7,20,65.0,0.023740000000000004,22.15
5438,2512,-6112,8,7,15,53.33,0.006153333333333331,36.93333333333333
5439,2824,4576,9,7,16,56.25,0.006587500000000001,31.8125
5443,2527,18663,15,5,20,75.0,0.04385000000000001,13.55
5450,1170,15430,8,1,9,88.89,0.07145555555555555,14.444444444444445
5452,955,1015,6,5,11,54.55,0.0024090909090909098,23.272727272727273
5455,1455,9295,10,3,13,76.92,0.04471538461538463,19.615384615384617
5457,2970,-30010,4,12,16,25.0,-0.056143750000000006,23.8125
5460,1535,4795,10,7,17,58.82,0.01764117647058824,82.17647058823529
5464,1997,-6037,7,7,14,50.0,-0.005871428571428567,15.928571428571429
5465,1912,-7262,9,14,23,39.13,-0.028730434782608692,17.82608695652174
5468,1090,-5150,5,7,12,41.67,-0.024183333333333334,9.666666666666666
5474,5471,46349,9,3,12,75.0,0.044050000000000006,12.583333333333334
5475,1700,-18150,5,14,19,26.32,-0.05386315789473682,22.0
5478,13047,65893,15,7,22,68.18,0.030350000000000002,22.545454545454547
5481,1865,-465,9,7,16,56.25,0.0063062500000000046,36.5
5483,12501,42449,14,9,23,60.87,0.015804347826086963,19.0
5487,2717,-10797,8,10,18,44.44,-0.016838888888888886,41.27777777777778
5488,1070,1050,7,7,14,50.0,-0.0071928571428571415,32.214285714285715
5489,3095,5195,8,6,14,57.14,0.008392857142857146,87.42857142857143
5490,4715,13855,12,8,20,60.0,0.014054999999999998,40.15
5493,2263,-2633,7,8,15,46.67,-0.0124,61.86666666666667
5498,1625,355,12,9,21,57.14,0.006928571428571428,21.761904761904763
5508,5322,31148,14,5,19,73.68,0.0413,67.15789473684211
5511,2600,6580,12,9,21,57.14,0.012900000000000002,58.523809523809526
5512,1577,1653,9,7,16,56.25,0.006325000000000004,47.9375
5514,1923,-803,9,8,17,52.94,-0.00010588235294117624,52.11764705882353
5516,1397,-3047,8,9,17,47.06,-0.01200588235294118,33.11764705882353
5520,2339,9131,9,6,15,60.0,0.01409333333333334,114.0
5523,1309,341,5,5,10,50.0,-0.005930000000000002,31.9
5529,1508,21002,10,1,11,90.91,0.07417272727272728,20.727272727272727
5530,4667,-33757,7,6,13,53.85,0.0016538461538461596,47.92307692307692
5536,7805,-29905,4,4,8,50.0,-0.005849999999999994,54.625
5543,1849,17251,5,2,7,71.43,0.03682857142857143,52.0
5601,1485,12195,9,2,11,81.82,0.057236363636363634,54.90909090909091
5603,1556,8984,9,5,14,64.29,0.02227857142857143,22.214285714285715
5604,3217,18613,12,6,18,66.67,0.027311111111111112,115.27777777777777
5609,4200,-8720,12,8,20,60.0,0.014110000000000003,51.15
5701,991,3719,7,7,14,50.0,-0.011228571428571425,23.642857142857142
5703,698,-3608,2,3,5,40.0,-0.025699999999999994,125.2
5704,1536,-896,5,5,10,50.0,0.0012700000000000025,47.5
5820,812,1968,8,4,12,66.67,0.025724999999999998,97.5
5864,491,529,4,3,7,57.14,0.006714285714285716,72.57142857142857
5878,1128,5172,3,1,4,75.0,0.028725000000000004,526.0
5902,1159,9251,8,2,10,80.0,0.04467,30.4
5903,12767,13443,10,6,16,62.5,0.019037500000000006,103.3125
5904,19471,42619,13,5,18,72.22,0.03839444444444445,62.5
5905,1295,-395,8,7,15,53.33,0.00033333333333333457,36.266666666666666
6015,741,729,7,5,12,58.33,0.007591666666666664,68.83333333333333
6016,595,-4095,3,5,8,37.5,-0.032049999999999995,41.75
6020,1521,-9491,6,9,15,40.0,-0.025786666666666666,68.86666666666666
6021,1188,2062,8,5,13,61.54,0.016799999999999995,40.61538461538461
6023,3126,-13756,5,7,12,41.67,-0.017399999999999995,155.5
6026,396,5154,5,0,5,100.0,0.0926,22.6
6101,2054,-3574,8,7,15,53.33,3.7007434154171884e-18,19.466666666666665
6103,375,-3805,2,4,6,33.33,-0.04433333333333333,15.666666666666666
6104,8916,-16536,11,11,22,50.0,-0.00582272727272727,17.045454545454547
6109,1413,2627,11,6,17,64.71,0.022994117647058825,17.823529411764707
6111,5118,26672,10,6,16,62.5,0.019025000000000004,12.25
6113,1224,7326,11,5,16,68.75,0.0302375,19.5625
6114,498,21932,4,2,6,66.67,0.9745666666666666,663.3333333333334
6118,1648,5482,12,5,17,70.59,0.034529411764705885,13.588235294117647
6121,21463,-56663,11,10,21,52.38,-0.0011095238095238037,40.666666666666664
6122,1380,1370,11,5,16,68.75,0.03104375,33.25
6123,3668,-10958,10,11,21,47.62,-0.014861904761904762,37.38095238095238
6124,3269,16371,12,4,16,75.0,0.043943750000000004,15.6875
6125,3312,21718,13,5,18,72.22,0.03835555555555556,25.666666666666668
6126,2331,9839,10,6,16,62.5,0.018943750000000002,27.5625
6127,1754,8106,11,5,16,68.75,0.031018749999999998,16.8125
6129,1565,-2125,8,6,14,57.14,0.007585714285714288,17.928571428571427
6130,4369,-51039,4,6,10,40.0,-0.026949999999999995,13.3
6134,3162,-62,8,10,18,44.44,-0.017488888888888887,14.777777777777779
6138,8562,-50862,7,13,20,35.0,-0.03571,23.8
6140,590,-2430,4,4,8,50.0,-0.006950000000000005,14.875
6143,6581,19989,14,7,21,66.67,0.027323809523809528,20.857142857142858
6144,679,-279,5,4,9,55.56,0.00421111111111111,14.666666666666666
6146,15630,53800,12,8,20,60.0,0.014060000000000007,71.9
6147,7039,13241,15,10,25,60.0,0.014064000000000005,26.68
6148,859,4221,9,4,13,69.23,0.029123076923076925,16.23076923076923
6150,6680,63260,13,4,17,76.47,0.046764705882352944,12.823529411764707
6151,3464,13236,14,9,23,60.87,0.015843478260869563,51.30434782608695
6154,1683,4127,6,5,11,54.55,0.003190909090909098,113.54545454545455
6156,1757,-1537,7,9,16,43.75,-0.0194875,13.125
6158,3761,-10321,9,8,17,52.94,-1.1764705882350013e-05,18.58823529411765
6160,6086,33254,17,6,23,73.91,0.04176521739130435,27.869565217391305
6161,1851,-1481,10,8,18,55.56,0.00473888888888889,26.77777777777778
6163,1251,-10471,4,9,13,30.77,-0.04437692307692308,33.38461538461539
6167,1118,-1008,10,7,17,58.82,0.006511764705882354,13.352941176470589
6169,1815,11435,8,3,11,72.73,0.039363636363636365,11.0
6170,2600,8640,10,7,17,58.82,0.011564705882352944,22.941176470588236
6171,1884,4726,11,7,18,61.11,0.01593333333333333,36.166666666666664
6173,5230,-3430,10,10,20,50.0,-0.006019999999999995,21.0
6174,1204,-12974,4,9,13,30.77,-0.04422307692307692,27.846153846153847
6175,1751,-4721,6,8,14,42.86,-0.020864285714285707,16.642857142857142
6179,2546,-9806,7,10,17,41.18,-0.023552941176470586,24.058823529411764
6180,3317,-6087,7,6,13,53.85,0.0018384615384615432,24.923076923076923
6182,4112,5418,9,8,17,52.94,-2.3529411764703292e-05,13.529411764705882
6185,2581,14279,13,5,18,72.22,0.03852222222222222,21.166666666666668
6186,2391,5949,10,7,17,58.82,0.011658823529411763,36.411764705882355
6187,5519,-17769,10,10,20,50.0,-0.005809999999999996,20.6
6188,2834,-26004,4,8,12,33.33,-0.033791666666666664,23.666666666666668
6190,1638,3852,10,8,18,55.56,0.004600000000000001,17.11111111111111
6194,2321,-13661,5,8,13,38.46,-0.028784615384615384,89.0
6195,4345,-715,9,10,19,47.37,-0.011363157894736839,18.894736842105264
6198,1091,-3211,6,4,10,60.0,0.013250000000000007,14.8
6199,1110,-4630,4,6,10,40.0,-0.025839999999999995,28.0
6203,7560,44080,12,5,17,70.59,0.03514117647058824,31.647058823529413
6204,3573,4357,10,5,15,66.67,0.027320000000000007,39.333333333333336
6207,4573,-11763,10,11,21,47.62,-0.01055238095238095,23.666666666666668
6208,3658,9152,15,10,25,60.0,0.013988000000000002,29.32
6210,4535,-14425,12,10,22,54.55,0.0054681818181818225,53.45454545454545
6212,2561,1329,10,7,17,58.82,0.011576470588235296,61.76470588235294
6217,2536,5564,9,6,15,60.0,0.01344666666666667,22.333333333333332
6218,2830,-13470,8,9,17,47.06,-0.011658823529411763,64.0
6219,1156,-2126,7,4,11,63.64,0.020500000000000004,11.909090909090908
6220,2099,7421,8,6,14,57.14,0.008292857142857147,28.285714285714285
6221,4177,5493,14,9,23,60.87,0.015695652173913048,39.17391304347826
6222,1371,-12901,5,11,16,31.25,-0.043893749999999995,9.0625
6223,9487,-8497,10,8,18,55.56,0.0052166666666666715,19.666666666666668
6227,1983,917,7,7,14,50.0,-0.005978571428571429,32.5
6228,936,2484,6,5,11,54.55,0.001909090909090907,14.636363636363637
6229,1823,10477,12,6,18,66.67,0.027266666666666668,24.27777777777778
6231,8395,38535,14,6,20,70.0,0.033985,21.85
6233,4446,49664,13,4,17,76.47,0.04689411764705882,12.470588235294118
6234,3781,15009,10,7,17,58.82,0.011711764705882356,37.529411764705884
6236,652,658,4,4,8,50.0,0.012199999999999996,590.5
6237,5342,12718,5,5,10,50.0,-0.005829999999999995,23.8
6240,1626,144,6,5,11,54.55,0.0022636363636363717,22.0
6241,104,13496,1,0,1,100.0,2.4538,5776.0
6242,693,46047,6,0,6,100.0,0.76595,572.6666666666666
6244,18911,157799,9,10,19,47.37,-0.011263157894736838,11.736842105263158
6245,6688,34122,17,9,26,65.38,0.024753846153846158,34.15384615384615
6246,1139,4351,10,3,13,76.92,0.045846153846153856,11.076923076923077
6247,1749,-4719,9,9,18,50.0,-0.006066666666666665,42.44444444444444
6248,634,6596,5,1,6,83.33,0.06058333333333333,19.166666666666668
6259,1739,-359,9,9,18,50.0,-0.007011111111111111,10.61111111111111
6261,8216,46464,12,6,18,66.67,0.027338888888888892,45.888888888888886
6263,5392,23788,12,5,17,70.59,0.03517058823529412,95.3529411764706
6264,892,-3462,6,5,11,54.55,0.002018181818181823,16.272727272727273
6265,547,2453,6,2,8,75.0,0.042137499999999994,44.0
6266,1782,6778,15,5,20,75.0,0.043100000000000006,27.5
6270,2818,-12628,9,10,19,47.37,-0.010415789473684206,51.473684210526315
6274,4818,-46988,6,12,18,33.33,-0.039088888888888874,30.166666666666668
6275,1826,7564,11,5,16,68.75,0.031456250000000005,23.5625
6276,1951,11449,12,4,16,75.0,0.041825,11.75
6279,11841,-23531,10,11,21,47.62,-0.010590476190476185,24.666666666666668
6284,4075,8235,11,7,18,61.11,0.016294444444444448,17.444444444444443
6287,708,122,6,5,11,54.55,0.0002090909090909113,10.636363636363637
6290,3508,-16508,6,8,14,42.86,-0.02004285714285714,14.0
6291,1591,-10561,3,9,12,25.0,-0.058025,11.0
6292,3617,21683,15,6,21,71.43,0.03680952380952381,53.142857142857146
6294,3554,19266,4,3,7,57.14,0.008371428571428575,81.85714285714286
6404,516,3884,2,1,3,66.67,0.0275,20.666666666666668
6411,7376,6034,7,5,12,58.33,0.010758333333333337,9.083333333333334
6417,1320,8200,3,1,4,75.0,0.043925000000000006,92.25
6418,394,-54,2,2,4,50.0,-0.005925,13.75
6419,618,-8758,1,3,4,25.0,-0.05564999999999999,19.5
6425,1449,-3319,2,2,4,50.0,-0.005824999999999997,22.5
6426,6255,-22225,4,4,8,50.0,-0.005849999999999994,31.75
6432,781,-161,2,2,4,50.0,-0.005750000000000002,17.0
6435,2984,-944,3,3,6,50.0,-0.005816666666666664,16.0
6441,3971,25869,7,3,10,70.0,0.03397000000000001,15.7
6446,2512,-22462,1,1,2,50.0,-0.005849999999999994,19.5
6457,1542,22958,4,0,4,100.0,0.093725,40.75
6461,1011,9969,4,1,5,80.0,0.05394,4.2
6462,6162,-28562,2,3,5,40.0,-0.025759999999999995,26.8
6465,1529,-2679,2,3,5,40.0,-0.025679999999999998,39.8
6469,5776,85974,6,0,6,100.0,0.0937,40.166666666666664
6470,826,12314,3,0,3,100.0,0.0938,53.666666666666664
6472,8684,102226,7,1,8,87.5,0.068825,14.75
6482,375,-7315,0,1,1,0.0,-0.1054,4.0
6485,2052,13048,3,2,5,60.0,0.014060000000000007,16.6
6486,820,12210,2,0,2,100.0,0.0937,19.0
6488,26502,259848,9,1,10,90.0,0.07379000000000001,11.6
6492,1555,23145,2,0,2,100.0,0.0937,4.0
6494,3918,6472,5,5,10,50.0,-0.005859999999999993,15.8
6496,466,-9106,0,2,2,0.0,-0.1054,62.5
6499,1212,18048,3,0,3,100.0,0.0937,6.333333333333333
6506,950,5540,6,3,9,66.67,0.027322222222222223,72.88888888888889
6508,2099,2051,7,5,12,58.33,0.010824999999999996,102.91666666666667
6509,1397,-12567,3,6,9,33.33,-0.03901111111111111,22.555555555555557
6510,24465,-103265,2,3,5,40.0,-0.015959999999999995,22.0
6512,83,-1593,0,1,1,0.0,-0.1055,5.0
6514,1657,-1487,3,2,5,60.0,0.014060000000000007,49.4
6516,1897,-18797,1,1,2,50.0,-0.005849999999999994,18.5
6523,2163,-7483,2,1,3,66.67,0.027333333333333338,15.666666666666666
6527,647,9643,2,0,2,100.0,0.0937,155.0
6530,668,-128,3,3,6,50.0,-0.005866666666666666,83.83333333333333
6532,1383,12597,5,1,6,83.33,0.060533333333333335,17.333333333333332
6535,915,-125,2,2,4,50.0,-0.0058999999999999955,55.75
6538,2927,21123,3,2,5,60.0,0.014060000000000007,34.4
6542,455,-8875,0,1,1,0.0,-0.1054,41.0
6547,4892,72848,4,0,4,100.0,0.0937,7.25
6548,3714,47746,4,1,5,80.0,0.05392,43.2
6556,788,11712,3,0,3,100.0,0.0937,89.33333333333333
6560,1598,1732,3,1,4,75.0,0.043925000000000006,13.5
6561,6066,63784,3,1,4,75.0,0.06925,53.0
6568,2989,5261,2,1,3,66.67,0.027333333333333338,42.666666666666664
6569,1932,28768,2,0,2,100.0,0.0937,54.5
6570,1114,166,3,2,5,60.0,0.014080000000000004,35.8
6574,1318,8482,1,1,2,50.0,-0.005849999999999994,55.0
6576,0,0,0,0,0,0.0,,
6577,422,-8232,0,1,1,0.0,-0.1054,60.0
6578,345,5135,2,0,2,100.0,0.0938,49.0
6588,2046,30454,3,0,3,100.0,0.0937,6.0
6589,1473,-16633,1,2,3,33.33,-0.03896666666666666,8.333333333333334
6590,526,-10246,0,2,2,0.0,-0.1053,29.0
6593,908,13552,4,0,4,100.0,0.09367500000000001,51.25
6594,406,-7916,0,2,2,0.0,-0.1054,6.0
6596,689,921,1,1,2,50.0,-0.005849999999999994,87.0
6603,826,8874,9,1,10,90.0,0.07328,61.8
6609,1660,-12800,3,7,10,30.0,-0.04562999999999999,38.2
6612,1762,-4182,2,2,4,50.0,-0.005849999999999994,11.75
6613,4731,-17781,2,3,5,40.0,-0.025759999999999995,55.8
6615,0,0,0,0,0,0.0,,
6616,509,3611,3,1,4,75.0,0.0441,7.25
6624,472,-3322,1,1,2,50.0,-0.037599999999999995,102.0
6629,1426,-2486,2,2,4,50.0,-0.005849999999999994,27.0
6640,1446,-1866,2,2,4,50.0,-0.005849999999999994,27.75
6642,309,4591,1,0,1,100.0,0.0937,29.0
6643,2341,34859,1,0,1,100.0,0.0937,16.0
6649,548,-3658,1,2,3,33.33,-0.03903333333333333,9.666666666666666
6651,801,-15601,0,1,1,0.0,-0.1054,5.0
6654,2487,14603,4,2,6,66.67,0.027333333333333338,15.833333333333334
6661,141,-791,0,1,1,0.0,-0.0319,17.0
6662,0,0,0,0,0,0.0,,
6664,1244,6266,2,1,3,66.67,0.027333333333333338,34.0
6667,789,-839,1,1,2,50.0,-0.005849999999999994,18.5
6679,8253,48997,3,1,4,75.0,0.043925000000000006,22.0
6680,418,6222,1,0,1,100.0,0.0937,29.0
6683,2606,38794,2,0,2,100.0,0.0937,6.0
6690,1600,-550,1,1,2,50.0,-0.005849999999999994,46.0
6697,741,-1501,1,2,3,33.33,-0.016633333333333333,26.666666666666668
6703,0,0,0,0,0,0.0,,
6712,0,0,0,0,0,0.0,,
6716,0,0,0,0,0,0.0,,
6727,1618,-6798,2,2,4,50.0,-0.025524999999999996,23.5
6728,2210,-10,2,1,3,66.67,0.027333333333333338,16.666666666666668
6732,0,0,0,0,0,0.0,,
6733,0,0,0,0,0,0.0,,
6747,3864,-16464,1,1,2,50.0,-0.005849999999999994,14.0
6751,440,-8580,0,1,1,0.0,-0.1054,27.0
6752,758,-698,1,1,2,50.0,-0.005849999999999994,43.0
6762,2000,29800,1,0,1,100.0,0.0937,14.0
6767,202,2998,1,0,1,100.0,0.0937,63.0
6803,8544,69106,6,2,8,75.0,0.043925000000000006,303.125
7402,801,6249,2,1,3,66.67,0.053266666666666664,60.666666666666664
7556,983,-19183,0,1,1,0.0,-0.1054,6.0
8024,1945,17765,8,3,11,72.73,0.039200000000000006,38.90909090909091
8027,1551,-22141,1,5,6,16.67,-0.07223333333333333,20.0
8032,1678,6952,8,3,11,72.73,0.03920909090909091,96.63636363636364
8034,1089,-3779,6,8,14,42.86,-0.021371428571428572,13.785714285714286
8038,1613,-2563,3,3,6,50.0,-0.005849999999999994,11.5
8040,620,-2450,4,2,6,66.67,0.026466666666666666,9.833333333333334
8042,3521,-10431,6,8,14,42.86,-0.020057142857142857,52.285714285714285
8043,2045,5005,10,5,15,66.67,0.027320000000000007,43.266666666666666
8044,3702,-2802,3,4,7,42.86,-0.020071428571428566,15.0
8047,1204,6386,10,4,14,71.43,0.036735714285714295,57.142857142857146
8048,2824,5606,9,5,14,64.29,0.022614285714285722,30.571428571428573
8049,1406,-11086,5,8,13,38.46,-0.03307692307692307,45.46153846153846
8050,4138,41922,9,2,11,81.82,0.057499999999999996,49.27272727272727
8054,6522,43208,11,5,16,68.75,0.031468750000000004,14.4375
8059,768,-3218,4,6,10,40.0,-0.026640000000000004,15.7
8064,1493,9867,9,3,12,75.0,0.04384166666666667,14.25
8066,4550,32060,7,5,12,58.33,0.008541666666666664,20.333333333333332
8067,788,1152,6,5,11,54.55,0.0019090909090909046,30.09090909090909
8068,1965,-9325,5,7,12,41.67,-0.022941666666666666,8.75
8069,5536,35474,13,8,21,61.9,0.01787619047619048,18.857142857142858
8071,1333,3727,8,4,12,66.67,0.026633333333333342,11.75
8074,1841,-1041,8,6,14,57.14,0.008392857142857145,40.07142857142857
8076,15362,-68982,9,9,18,50.0,-0.0013166666666666613,27.833333333333332
8077,438,3262,5,1,6,83.33,0.047433333333333334,684.1666666666666
8080,1350,-6980,4,7,11,36.36,-0.033109090909090914,16.181818181818183
8083,7625,-14035,9,5,14,64.29,0.022592857142857137,69.5
8084,4160,-15350,9,10,19,47.37,-0.01131052631578947,56.94736842105263
8085,1600,8990,12,5,17,70.59,0.03360588235294117,10.588235294117647
8086,5018,32302,7,3,10,70.0,0.033960000000000004,8.8
8087,961,4399,8,5,13,61.54,0.015269230769230775,37.69230769230769
8088,2248,21022,12,3,15,80.0,0.05391333333333333,17.466666666666665
8089,915,2205,2,1,3,66.67,0.027333333333333338,6.666666666666667
8091,6279,-16519,7,10,17,41.18,-0.02339411764705882,29.176470588235293
8092,1365,-7575,7,9,16,43.75,-0.018949999999999998,24.125
8093,1411,7599,8,5,13,61.54,0.016323076923076926,13.923076923076923
8096,1774,7686,6,6,12,50.0,-0.005816666666666667,23.916666666666668
8097,784,2686,5,4,9,55.56,0.0030777777777777748,8.777777777777779
8099,1219,-6889,3,5,8,37.5,-0.030712499999999997,20.875
8107,2297,8463,10,5,15,66.67,0.02737333333333334,16.933333333333334
8109,5873,-10443,9,8,17,52.94,1.1764705882358177e-05,54.411764705882355
8111,2750,11090,13,6,19,68.42,0.03053684210526316,15.0
8121,2632,-10392,6,8,14,42.86,-0.02002142857142857,15.0
8147,3263,15217,9,4,13,69.23,0.032492307692307695,31.0
8155,6542,-90712,4,10,14,28.57,-0.04849285714285713,25.857142857142858
8171,1619,15701,8,2,10,80.0,0.053849999999999995,12.6
8176,490,180,4,3,7,57.14,0.007014285714285715,12.428571428571429
8182,1452,-14412,4,7,11,36.36,-0.03293636363636364,58.54545454545455
8183,1739,5731,14,5,19,73.68,0.040447368421052635,16.842105263157894
8234,2177,-13937,5,8,13,38.46,-0.028776923076923075,37.30769230769231
8240,3840,22100,8,5,13,61.54,0.017161538461538464,37.92307692307692
8255,9846,-17996,7,6,13,53.85,0.0018076923076923135,37.69230769230769
8277,1826,-7716,5,11,16,31.25,-0.04395,16.0
8279,4608,40142,5,1,6,83.33,0.06051666666666667,37.333333333333336
8284,748,11132,2,0,2,100.0,0.0937,89.5
8289,1019,2161,7,3,10,70.0,0.03381,64.0
8291,123,1187,2,0,2,100.0,0.09075,66.0
8299,34607,282683,17,4,21,80.95,0.0557761904761905,26.571428571428573
8342,650,9670,2,0,2,100.0,0.0937,106.5
8349,4548,3042,8,5,13,61.54,0.017161538461538464,36.61538461538461
8354,1565,-615,9,6,15,60.0,0.013993333333333335,71.13333333333334
8358,1746,-11246,4,5,9,44.44,-0.017333333333333333,24.88888888888889
8383,2846,-7416,6,7,13,46.15,-0.013492307692307689,64.15384615384616
8390,1647,-3057,5,5,10,50.0,-0.005729999999999996,25.3
8401,755,825,5,3,8,62.5,0.018937500000000003,62.75
8403,1019,8981,4,1,5,80.0,0.05392,66.4
8409,640,-3340,2,1,3,66.67,0.0273,25.333333333333332
8410,2105,-12975,4,5,9,44.44,-0.016888888888888884,29.444444444444443
8415,806,-876,2,2,4,50.0,-0.005849999999999994,47.0
8416,5855,-15875,4,5,9,44.44,-0.008522222222222216,67.33333333333333
8418,750,2880,3,3,6,50.0,-0.005849999999999994,53.5
8420,1814,-5784,5,5,10,50.0,-0.0058599999999999946,54.9
8421,499,2601,4,2,6,66.67,0.027033333333333336,35.5
8423,660,-9040,1,4,5,20.0,-0.06554,110.0
8424,1988,16052,5,1,6,83.33,0.06051666666666667,153.0
8426,1405,-2775,3,3,6,50.0,-0.005899999999999998,43.0
8431,1865,14435,4,1,5,80.0,0.0539,25.2
8432,4644,-11574,5,5,10,50.0,-0.005849999999999994,43.3
8433,4731,-58921,2,7,9,22.22,-0.06115555555555555,16.77777777777778
8435,1248,8812,3,1,4,75.0,0.043925000000000006,125.75
8436,15626,-136926,4,6,10,40.0,-0.025759999999999995,30.2
8437,7413,40187,4,2,6,66.67,0.027333333333333338,39.0
8440,1907,8613,7,5,12,58.33,0.01075833333333334,31.5
8444,3630,-17500,3,2,5,60.0,0.014060000000000007,52.0
8446,5736,-6966,4,4,8,50.0,-0.005849999999999994,58.625
8450,997,-717,1,1,2,50.0,-0.005849999999999994,32.0
8455,411,6139,2,0,2,100.0,0.09384999999999999,7.5
8472,1139,4291,4,1,5,80.0,0.0539,43.2
8476,754,1006,2,1,3,66.67,0.027333333333333338,7.333333333333333
8477,522,-1802,1,1,2,50.0,-0.005849999999999994,52.0
8489,2852,42498,3,0,3,100.0,0.0937,39.0
8905,1915,4715,11,7,18,61.11,0.01594444444444444,46.5
8906,1028,4912,11,4,15,73.33,0.03796666666666667,38.666666666666664
8908,3131,34089,13,3,16,81.25,0.05601875,61.5
8916,1733,6137,7,5,12,58.33,0.010266666666666669,62.333333333333336
8917,5185,22335,11,6,17,64.71,0.027629411764705885,143.2941176470588
8921,976,-2896,5,6,11,45.45,-0.015099999999999997,61.63636363636363
8923,1191,-13471,3,10,13,23.08,-0.059553846153846166,219.46153846153845
8924,5736,2644,11,5,16,68.75,0.031512500000000006,33.0
8927,1561,-1931,8,6,14,57.14,0.008264285714285715,46.857142857142854
8928,2401,10289,11,5,16,68.75,0.03129375,23.3125
8929,164,16366,1,1,2,50.0,2.4183,3026.0
8930,1672,12008,15,5,20,75.0,0.043675,55.05
8931,1795,1005,9,8,17,52.94,-9.411764705882378e-05,75.17647058823529
8932,836,-1416,4,6,10,40.0,-0.026590000000000003,20.4
8933,1244,-5634,6,7,13,46.15,-0.013761538461538462,28.53846153846154
8935,1022,-4872,6,8,14,42.86,-0.02164285714285714,19.714285714285715
8936,4144,-4654,10,11,21,47.62,-0.01054285714285714,20.0
8937,1726,1724,9,7,16,56.25,0.006525000000000003,38.4375
8938,6609,-42269,7,13,20,35.0,-0.035709999999999985,45.05
8941,2869,-4999,5,4,9,55.56,0.005188888888888894,14.0
8942,3155,25615,9,3,12,75.0,0.04385,29.083333333333332
9949,1882,-19802,4,7,11,36.36,-0.032963636363636355,22.545454545454547
9950,1635,1475,9,7,16,56.25,0.006618750000000001,92.0625
9951,8223,-1233,11,6,17,64.71,0.02343529411764706,29.88235294117647
9960,1466,-2786,4,4,8,50.0,-0.005812499999999998,28.0
9962,1221,13699,9,1,10,90.0,0.07354,42.9
8916A,599,-5939,0,2,2,0.0,-0.05565,502.0
4148,1846,19794,4,1,5,80.0,0.053880000000000004,9.8
6781,16443,244857,2,0,2,100.0,0.0937,6.5
6776,0,0,0,0,0,0.0,,
2211,0,0,0,0,0,0.0,,
6768,459,6841,1,0,1,100.0,0.0937,8.0
3357,2685,-35805,3,4,7,42.86,-0.020057142857142853,36.714285714285715
6741,0,0,0,0,0,0.0,,
2250,0,0,0,0,0,0.0,,
5236,0,0,0,0,0,0.0,,
1522A,263,-163,0,1,1,0.0,-0.0036,57.0
6684,0,0,0,0,0,0.0,,
2753,906,13494,1,0,1,100.0,0.0937,21.0
2348A,0,0,0,0,0,0.0,,
6790,0,0,0,0,0,0.0,,
6788,0,0,0,0,0,0.0,,
2947,793,-15443,0,1,1,0.0,-0.1054,20.0
4440,0,0,0,0,0,0.0,,
5222,991,-7841,1,2,3,33.33,-0.03903333333333333,31.333333333333332
2881C,0,0,0,0,0,0.0,,
6761,0,0,0,0,0,0.0,,
6806,0,0,0,0,0,0.0,,
2945,0,0,0,0,0,0.0,,
6770,0,0,0,0,0,0.0,,
6792,0,0,0,0,0,0.0,,
4770,0,0,0,0,0,0.0,,
2883B,0,0,0,0,0,0.0,,
6691,0,0,0,0,0,0.0,,
3592,4980,-34210,4,4,8,50.0,-0.0058374999999999955,233.25
6719,0,0,0,0,0,0.0,,
2756,0,0,0,0,0,0.0,,
5244,287,-5587,0,1,1,0.0,-0.1054,2.0
6693,0,0,0,0,0,0.0,,
8112A,0,0,0,0,0,0.0,,
8438,0,0,0,0,0,0.0,,
6829,0,0,0,0,0,0.0,,
4923,510,32940,1,1,2,50.0,0.9670000000000001,1754.0
6763,0,0,0,0,0,0.0,,
4558,320,-2660,1,1,2,50.0,-0.0058999999999999955,1054.0
3349,498,2752,3,2,5,60.0,0.013480000000000002,151.8
6804,0,0,0,0,0,0.0,,
4768,0,0,0,0,0,0.0,,
6807,0,0,0,0,0,0.0,,
6721,0,0,0,0,0,0.0,,
6735,0,0,0,0,0,0.0,,
4583,0,0,0,0,0,0.0,,
6799,0,0,0,0,0,0.0,,
6585,0,0,0,0,0,0.0,,
5228,164,-3194,0,1,1,0.0,-0.1054,44.0
6546,665,-12965,0,1,1,0.0,-0.1054,3.0
6796,0,0,0,0,0,0.0,,
6550,0,0,0,0,0,0.0,,
4577,0,0,0,0,0,0.0,,
6789,0,0,0,0,0,0.0,,
6823,0,0,0,0,0,0.0,,
2887Z1,0,0,0,0,0,0.0,,
6811,0,0,0,0,0,0.0,,
6854,0,0,0,0,0,0.0,,
3715,0,0,0,0,0,0.0,,
6830,0,0,0,0,0,0.0,,
6834,0,0,0,0,0,0.0,,
3430,1025,5485,3,2,5,60.0,0.03402,28.2
6689,0,0,0,0,0,0.0,,
6592A,0,0,0,0,0,0.0,,
